101,
102,
103,
104,
105,
106,
107,
108,
109,
110,
111,
112,
113,
114,
115,
116,
117,
120,
121,
118,
119,
122,
123,
125,
127,
129,
130,
124,
126,
128,
131,
132,
133,
201,
202,
203,
204,
205,
206,
207,
208,
209,
210,
211,
212,
213,
214,
215,
216,
217,
218,
219,
301,
302,
303,
304,
305,
306,
307,
308,
309,
310,
311,
312,
313,
314,
315,
316,
317,
318,
319,
401,
402,
501,
502,
503,
504,
505,
506,
507,
508,
509,
601,
602,
603,
604,
605,
606,
607,
608,
701,
702,
703,
704,
705,
706,
707,
708,
709,
710,
711,
712,
713,
714,
715,
716,
801,
802,
803,
804,
805,
806,
807,