12.0972
12.0922
12.0871
12.0821
12.077
12.0719
12.0669
12.0618
12.0568
12.0517
12.0467
12.0416
12.0366
12.0316
12.0265
12.0215
12.0164
12.0114
12.0064
12.0013
11.9963
11.9913
11.9862
11.9812
11.9762
11.9712
11.9662
11.9611
11.9561
11.9511
11.9461
11.9411
11.9361
11.9311
11.926
11.921
11.916
11.911
11.906
11.901
11.896
11.891
11.8861
11.8811
11.8761
11.8711
11.8661
11.8611
11.8561
11.8511
11.8462
11.8412
11.8362
11.8312
11.8263
11.8213
11.8163
11.8114
11.8064
11.8014
11.7965
11.7915
11.7866
11.7816
11.7767
11.7717
11.7668
11.7618
11.7569
11.7519
11.747
11.742
11.7371
11.7322
11.7272
11.7223
11.7174
11.7124
11.7075
11.7026
11.6976
11.6927
11.6878
11.6829
11.678
11.6731
11.6681
11.6632
11.6583
11.6534
11.6485
11.6436
11.6387
11.6338
11.6289
11.624
11.6191
11.6142
11.6093
11.6044
11.5996
11.5947
11.5898
11.5849
11.58
11.5752
11.5703
11.5654
11.5605
11.5557
11.5508
11.5459
11.5411
11.5362
11.5313
11.5265
11.5216
11.5168
11.5119
11.5071
11.5022
11.4974
11.4925
11.4877
11.4829
11.478
11.4732
11.4684
11.4635
11.4587
11.4539
11.449
11.4442
11.4394
11.4346
11.4297
11.4249
11.4201
11.4153
11.4105
11.4057
11.4009
11.3961
11.3913
11.3865
11.3817
11.3769
11.3721
11.3673
11.3625
11.3577
11.3529
11.3482
11.3434
11.3386
11.3338
11.329
11.3243
11.3195
11.3147
11.31
11.3052
11.3004
11.2957
11.2909
11.2861
11.2814
11.2766
11.2719
11.2671
11.2624
11.2576
11.2529
11.2482
11.2434
11.2387
11.234
11.2292
11.2245
11.2198
11.215
11.2103
11.2056
11.2009
11.1962
11.1914
11.1867
11.182
11.1773
11.1726
11.1679
11.1632
11.1585
11.1538
11.1491
11.1444
11.1397
11.135
11.1303
11.1257
11.121
11.1163
11.1116
11.1069
11.1023
11.0976
11.0929
11.0883
11.0836
11.0789
11.0743
11.0696
11.0649
11.0603
11.0556
11.051
11.0463
11.0417
11.0371
11.0324
11.0278
11.0231
11.0185
11.0139
11.0092
11.0046
11
10.9954
10.9907
10.9861
10.9815
10.9769
10.9723
10.9677
10.9631
10.9584
10.9538
10.9492
10.9446
10.94
10.9355
10.9309
10.9263
10.9217
10.9171
10.9125
10.9079
10.9034
10.8988
10.8942
10.8896
10.8851
10.8805
10.8759
10.8714
10.8668
10.8622
10.8577
10.8531
10.8486
10.844
10.8395
10.8349
10.8304
10.8259
10.8213
10.8168
10.8123
10.8077
10.8032
10.7987
10.7941
10.7896
10.7851
10.7806
10.7761
10.7716
10.767
10.7625
10.758
10.7535
10.749
10.7445
10.74
10.7355
10.7311
10.7266
10.7221
10.7176
10.7131
10.7086
10.7042
10.6997
10.6952
10.6907
10.6863
10.6818
10.6773
10.6729
10.6684
10.664
10.6595
10.6551
10.6506
10.6462
10.6417
10.6373
10.6329
10.6284
10.624
10.6196
10.6151
10.6107
10.6063
10.6018
10.5974
10.593
10.5886
10.5842
10.5798
10.5754
10.571
10.5666
10.5622
10.5578
10.5534
10.549
10.5446
10.5402
10.5358
10.5314
10.5271
10.5227
10.5183
10.5139
10.5096
10.5052
10.5008
10.4965
10.4921
10.4877
10.4834
10.479
10.4747
10.4703
10.466
10.4616
10.4573
10.453
10.4486
10.4443
10.44
10.4356
10.4313
10.427
10.4227
10.4184
10.414
10.4097
10.4054
10.4011
10.3968
10.3925
10.3882
10.3839
10.3796
10.3753
10.371
10.3667
10.3625
10.3582
10.3539
10.3496
10.3453
10.3411
10.3368
10.3325
10.3283
10.324
10.3197
10.3155
10.3112
10.307
10.3027
10.2985
10.2942
10.29
10.2858
10.2815
10.2773
10.2731
10.2688
10.2646
10.2604
10.2562
10.2519
10.2477
10.2435
10.2393
10.2351
10.2309
10.2267
10.2225
10.2183
10.2141
10.2099
10.2057
10.2015
10.1974
10.1932
10.189
10.1848
10.1806
10.1765
10.1723
10.1681
10.164
10.1598
10.1557
10.1515
10.1474
10.1432
10.1391
10.1349
10.1308
10.1266
10.1225
10.1184
10.1142
10.1101
10.106
10.1019
10.0977
10.0936
10.0895
10.0854
10.0813
10.0772
10.0731
10.069
10.0649
10.0608
10.0567
10.0526
10.0485
10.0444
10.0403
10.0363
10.0322
10.0281
10.024
10.02
10.0159
10.0118
10.0078
10.0037
9.99966
9.99561
9.99156
9.98751
9.98347
9.97943
9.97539
9.97135
9.96732
9.96329
9.95926
9.95524
9.95121
9.94719
9.94318
9.93916
9.93515
9.93114
9.92714
9.92314
9.91914
9.91514
9.91114
9.90715
9.90316
9.89918
9.89519
9.89121
9.88724
9.88326
9.87929
9.87532
9.87135
9.86739
9.86343
9.85947
9.85552
9.85156
9.84761
9.84367
9.83972
9.83578
9.83184
9.82791
9.82397
9.82004
9.81612
9.81219
9.80827
9.80435
9.80044
9.79652
9.79261
9.78871
9.7848
9.7809
9.777
9.77311
9.76921
9.76532
9.76144
9.75755
9.75367
9.74979
9.74591
9.74204
9.73817
9.7343
9.73044
9.72658
9.72272
9.71886
9.71501
9.71116
9.70731
9.70347
9.69963
9.69579
9.69195
9.68812
9.68429
9.68047
9.67664
9.67282
9.669
9.66519
9.66137
9.65756
9.65376
9.64995
9.64615
9.64236
9.63856
9.63477
9.63098
9.62719
9.62341
9.61963
9.61585
9.61208
9.60831
9.60454
9.60077
9.59701
9.59325
9.58949
9.58574
9.58199
9.57824
9.5745
9.57075
9.56702
9.56328
9.55955
9.55582
9.55209
9.54836
9.54464
9.54093
9.53721
9.5335
9.52979
9.52608
9.52238
9.51868
9.51498
9.51129
9.50759
9.50391
9.50022
9.49654
9.49286
9.48918
9.48551
9.48184
9.47817
9.47451
9.47084
9.46719
9.46353
9.45988
9.45623
9.45258
9.44894
9.4453
9.44166
9.43803
9.43439
9.43077
9.42714
9.42352
9.4199
9.41628
9.41267
9.40906
9.40545
9.40185
9.39825
9.39465
9.39106
9.38746
9.38387
9.38029
9.37671
9.37313
9.36955
9.36598
9.36241
9.35884
9.35527
9.35171
9.34815
9.3446
9.34105
9.3375
9.33395
9.33041
9.32687
9.32333
9.3198
9.31627
9.31274
9.30922
9.3057
9.30218
9.29866
9.29515
9.29164
9.28814
9.28463
9.28113
9.27764
9.27414
9.27065
9.26717
9.26368
9.2602
9.25672
9.25325
9.24978
9.24631
9.24284
9.23938
9.23592
9.23247
9.22901
9.22556
9.22212
9.21867
9.21523
9.2118
9.20836
9.20493
9.2015
9.19808
9.19466
9.19124
9.18782
9.18441
9.181
9.1776
9.1742
9.1708
9.1674
9.16401
9.16062
9.15723
9.15385
9.15047
9.14709
9.14372
9.14035
9.13698
9.13361
9.13025
9.12689
9.12354
9.12019
9.11684
9.11349
9.11015
9.10681
9.10348
9.10014
9.09681
9.09349
9.09017
9.08685
9.08353
9.08022
9.07691
9.0736
9.0703
9.06699
9.0637
9.0604
9.05711
9.05382
9.05054
9.04726
9.04398
9.04071
9.03744
9.03417
9.0309
9.02764
9.02438
9.02113
9.01787
9.01463
9.01138
9.00814
9.0049
9.00166
8.99843
8.9952
8.99197
8.98875
8.98553
8.98232
8.9791
8.97589
8.97269
8.96948
8.96628
8.96309
8.95989
8.9567
8.95352
8.95033
8.94715
8.94397
8.9408
8.93763
8.93446
8.9313
8.92814
8.92498
8.92183
8.91867
8.91553
8.91238
8.90924
8.9061
8.90297
8.89984
8.89671
8.89359
8.89047
8.88735
8.88423
8.88112
8.87801
8.87491
8.87181
8.86871
8.86562
8.86252
8.85944
8.85635
8.85327
8.85019
8.84712
8.84405
8.84098
8.83791
8.83485
8.83179
8.82874
8.82569
8.82264
8.81959
8.81655
8.81351
8.81048
8.80745
8.80442
8.8014
8.79837
8.79536
8.79234
8.78933
8.78632
8.78332
8.78032
8.77732
8.77432
8.77133
8.76835
8.76536
8.76238
8.7594
8.75643
8.75346
8.75049
8.74753
8.74457
8.74161
8.73865
8.7357
8.73276
8.72981
8.72687
8.72394
8.721
8.71807
8.71515
8.71222
8.7093
8.70638
8.70347
8.70056
8.69766
8.69475
8.69185
8.68896
8.68606
8.68317
8.68029
8.67741
8.67453
8.67165
8.66878
8.66591
8.66304
8.66018
8.65732
8.65447
8.65162
8.64877
8.64592
8.64308
8.64024
8.63741
8.63458
8.63175
8.62893
8.62611
8.62329
8.62047
8.61766
8.61486
8.61205
8.60925
8.60646
8.60366
8.60087
8.59809
8.5953
8.59252
8.58975
8.58698
8.58421
8.58144
8.57868
8.57592
8.57316
8.57041
8.56766
8.56492
8.56218
8.55944
8.55671
8.55398
8.55125
8.54852
8.5458
8.54309
8.54037
8.53766
8.53496
8.53225
8.52955
8.52686
8.52417
8.52148
8.51879
8.51611
8.51343
8.51076
8.50808
8.50542
8.50275
8.50009
8.49743
8.49478
8.49213
8.48948
8.48684
8.4842
8.48156
8.47893
8.4763
8.47367
8.47105
8.46843
8.46582
8.4632
8.4606
8.45799
8.45539
8.45279
8.4502
8.44761
8.44502
8.44244
8.43986
8.43728
8.43471
8.43214
8.42957
8.42701
8.42445
8.4219
8.41934
8.4168
8.41425
8.41171
8.40917
8.40664
8.40411
8.40158
8.39906
8.39654
8.39402
8.39151
8.389
8.38649
8.38399
8.38149
8.379
8.37651
8.37402
8.37154
8.36906
8.36658
8.36411
8.36164
8.35917
8.35671
8.35425
8.35179
8.34934
8.34689
8.34445
8.34201
8.33957
8.33714
8.33471
8.33228
8.32986
8.32744
8.32502
8.32261
8.3202
8.31779
8.31539
8.31299
8.3106
8.30821
8.30582
8.30344
8.30106
8.29868
8.29631
8.29394
8.29158
8.28921
8.28685
8.2845
8.28215
8.2798
8.27746
8.27512
8.27278
8.27045
8.26812
8.26579
8.26347
8.26115
8.25884
8.25653
8.25422
8.25192
8.24962
8.24732
8.24503
8.24274
8.24045
8.23817
8.23589
8.23362
8.23134
8.22908
8.22681
8.22455
8.2223
8.22004
8.21779
8.21555
8.21331
8.21107
8.20883
8.2066
8.20438
8.20215
8.19993
8.19772
8.1955
8.19329
8.19109
8.18889
8.18669
8.18449
8.1823
8.18012
8.17793
8.17575
8.17358
8.17141
8.16924
8.16707
8.16491
8.16275
8.1606
8.15845
8.1563
8.15416
8.15202
8.14989
8.14775
8.14563
8.1435
8.14138
8.13926
8.13715
8.13504
8.13293
8.13083
8.12873
8.12664
8.12455
8.12246
8.12038
8.1183
8.11622
8.11415
8.11208
8.11001
8.10795
8.10589
8.10384
8.10179
8.09974
8.0977
8.09566
8.09362
8.09159
8.08956
8.08754
8.08552
8.0835
8.08149
8.07948
8.07747
8.07547
8.07347
8.07148
8.06949
8.0675
8.06552
8.06354
8.06156
8.05959
8.05762
8.05566
8.05369
8.05174
8.04978
8.04783
8.04589
8.04395
8.04201
8.04007
8.03814
8.03621
8.03429
8.03237
8.03045
8.02854
8.02663
8.02473
8.02283
8.02093
8.01904
8.01715
8.01526
8.01338
8.0115
8.00962
8.00775
8.00589
8.00402
8.00216
8.00031
7.99845
7.9966
7.99476
7.99292
7.99108
7.98925
7.98742
7.98559
7.98377
7.98195
7.98014
7.97833
7.97652
7.97472
7.97292
7.97112
7.96933
7.96754
7.96576
7.96398
7.9622
7.96043
7.95866
7.95689
7.95513
7.95337
7.95162
7.94987
7.94812
7.94638
7.94464
7.9429
7.94117
7.93945
7.93772
7.936
7.93429
7.93257
7.93087
7.92916
7.92746
7.92576
7.92407
7.92238
7.92069
7.91901
7.91733
7.91566
7.91399
7.91232
7.91066
7.909
7.90734
7.90569
7.90405
7.9024
7.90076
7.89913
7.89749
7.89586
7.89424
7.89262
7.891
7.88939
7.88778
7.88617
7.88457
7.88297
7.88138
7.87979
7.8782
7.87662
7.87504
7.87347
7.87189
7.87033
7.86876
7.8672
7.86565
7.8641
7.86255
7.861
7.85946
7.85793
7.85639
7.85486
7.85334
7.85182
7.8503
7.84879
7.84728
7.84577
7.84427
7.84277
7.84127
7.83978
7.8383
7.83681
7.83534
7.83386
7.83239
7.83092
7.82946
7.828
7.82654
7.82509
7.82364
7.8222
7.82076
7.81932
7.81789
7.81646
7.81503
7.81361
7.81219
7.81078
7.80937
7.80796
7.80656
7.80516
7.80377
7.80238
7.80099
7.79961
7.79823
7.79686
7.79549
7.79412
7.79276
7.7914
7.79004
7.78869
7.78734
7.786
7.78466
7.78332
7.78199
7.78066
7.77934
7.77801
7.7767
7.77539
7.77408
7.77277
7.77147
7.77017
7.76888
7.76759
7.7663
7.76502
7.76374
7.76247
7.7612
7.75993
7.75867
7.75741
7.75616
7.75491
7.75366
7.75242
7.75118
7.74994
7.74871
7.74748
7.74626
7.74504
7.74382
7.74261
7.7414
7.7402
7.739
7.7378
7.73661
7.73542
7.73424
7.73306
7.73188
7.73071
7.72954
7.72837
7.72721
7.72606
7.7249
7.72375
7.72261
7.72147
7.72033
7.71919
7.71806
7.71694
7.71582
7.7147
7.71358
7.71247
7.71137
7.71027
7.70917
7.70807
7.70698
7.70589
7.70481
7.70373
7.70266
7.70159
7.70052
7.69946
7.6984
7.69734
7.69629
7.69524
7.6942
7.69316
7.69212
7.69109
7.69006
7.68904
7.68802
7.687
7.68599
7.68498
7.68398
7.68298
7.68198
7.68099
7.68
7.67901
7.67803
7.67705
7.67608
7.67511
7.67415
7.67319
7.67223
7.67127
7.67033
7.66938
7.66844
7.6675
7.66657
7.66564
7.66471
7.66379
7.66287
7.66196
7.66105
7.66014
7.65924
7.65834
7.65745
7.65656
7.65567
7.65479
7.65391
7.65303
7.65216
7.6513
7.65043
7.64957
7.64872
7.64787
7.64702
7.64618
7.64534
7.6445
7.64367
7.64284
7.64202
7.6412
7.64039
7.63957
7.63877
7.63796
7.63716
7.63637
7.63558
7.63479
7.634
7.63322
7.63245
7.63168
7.63091
7.63014
7.62938
7.62863
7.62788
7.62713
7.62638
7.62564
7.62491
7.62417
7.62345
7.62272
7.622
7.62128
7.62057
7.61986
7.61916
7.61846
7.61776
7.61707
7.61638
7.61569
7.61501
7.61433
7.61366
7.61299
7.61233
7.61167
7.61101
7.61036
7.60971
7.60906
7.60842
7.60778
7.60715
7.60652
7.60589
7.60527
7.60466
7.60404
7.60343
7.60283
7.60222
7.60163
7.60103
7.60044
7.59986
7.59928
7.5987
7.59812
7.59755
7.59699
7.59643
7.59587
7.59531
7.59476
7.59422
7.59368
7.59314
7.5926
7.59207
7.59155
7.59102
7.59051
7.58999
7.58948
7.58898
7.58847
7.58797
7.58748
7.58699
7.5865
7.58602
7.58554
7.58507
7.5846
7.58413
7.58367
7.58321
7.58276
7.5823
7.58186
7.58141
7.58098
7.58054
7.58011
7.57968
7.57926
7.57884
7.57843
7.57802
7.57761
7.57721
7.57681
7.57641
7.57602
7.57563
7.57525
7.57487
7.5745
7.57413
7.57376
7.5734
7.57304
7.57268
7.57233
7.57198
7.57164
7.5713
7.57097
7.57064
7.57031
7.56999
7.56967
7.56935
7.56904
7.56873
7.56843
7.56813
7.56783
7.56754
7.56726
7.56697
7.56669
7.56642
7.56615
7.56588
7.56561
7.56536
7.5651
7.56485
7.5646
7.56436
7.56412
7.56388
7.56365
7.56342
7.5632
7.56298
7.56276
7.56255
7.56235
7.56214
7.56194
7.56175
7.56156
7.56137
7.56118
7.561
7.56083
7.56066
7.56049
7.56033
7.56017
7.56001
7.55986
7.55971
7.55957
7.55943
7.55929
7.55916
7.55903
7.55891
7.55879
7.55867
7.55856
7.55845
7.55835
7.55825
7.55815
7.55806
7.55797
7.55789
7.55781
7.55773
7.55766
7.55759
7.55753
7.55747
7.55741
7.55736
7.55731
7.55727
7.55723
7.55719
7.55716
7.55713
7.55711
7.55709
7.55707
7.55706
7.55705
7.55705
7.55705
7.55705
7.55706
7.55707
7.55709
7.55711
7.55713
7.55716
7.55719
7.55723
7.55727
7.55731
7.55736
7.55741
7.55747
7.55753
7.55759
7.55766
7.55773
7.55781
7.55789
7.55797
7.55806
7.55815
7.55825
7.55835
7.55845
7.55856
7.55867
7.55878
7.5589
7.55903
7.55916
7.55929
7.55942
7.55956
7.55971
7.55985
7.56001
7.56016
7.56032
7.56048
7.56065
7.56082
7.561
7.56118
7.56136
7.56155
7.56174
7.56194
7.56214
7.56234
7.56255
7.56276
7.56297
7.56319
7.56342
7.56364
7.56388
7.56411
7.56435
7.56459
7.56484
7.56509
7.56535
7.56561
7.56587
7.56614
7.56641
7.56668
7.56696
7.56725
7.56753
7.56783
7.56812
7.56842
7.56872
7.56903
7.56934
7.56966
7.56998
7.5703
7.57063
7.57096
7.57129
7.57163
7.57197
7.57232
7.57267
7.57303
7.57339
7.57375
7.57412
7.57449
7.57486
7.57524
7.57562
7.57601
7.5764
7.5768
7.5772
7.5776
7.578
7.57842
7.57883
7.57925
7.57967
7.5801
7.58053
7.58096
7.5814
7.58184
7.58229
7.58274
7.5832
7.58366
7.58412
7.58458
7.58505
7.58553
7.58601
7.58649
7.58698
7.58747
7.58796
7.58846
7.58896
7.58947
7.58998
7.59049
7.59101
7.59153
7.59206
7.59259
7.59312
7.59366
7.5942
7.59475
7.5953
7.59585
7.59641
7.59697
7.59754
7.59811
7.59868
7.59926
7.59984
7.60043
7.60102
7.60161
7.60221
7.60281
7.60341
7.60402
7.60464
7.60525
7.60588
7.6065
7.60713
7.60776
7.6084
7.60904
7.60969
7.61034
7.61099
7.61165
7.61231
7.61297
7.61364
7.61432
7.61499
7.61567
7.61636
7.61705
7.61774
7.61844
7.61914
7.61984
7.62055
7.62126
7.62198
7.6227
7.62342
7.62415
7.62489
7.62562
7.62636
7.62711
7.62785
7.62861
7.62936
7.63012
7.63089
7.63165
7.63243
7.6332
7.63398
7.63477
7.63555
7.63635
7.63714
7.63794
7.63874
7.63955
7.64036
7.64118
7.642
7.64282
7.64365
7.64448
7.64531
7.64615
7.647
7.64784
7.64869
7.64955
7.65041
7.65127
7.65214
7.65301
7.65388
7.65476
7.65564
7.65653
7.65742
7.65831
7.65921
7.66011
7.66102
7.66193
7.66284
7.66376
7.66468
7.66561
7.66654
7.66747
7.66841
7.66935
7.6703
7.67125
7.6722
7.67316
7.67412
7.67508
7.67605
7.67703
7.678
7.67898
7.67997
7.68096
7.68195
7.68295
7.68395
7.68495
7.68596
7.68697
7.68799
7.68901
7.69003
7.69106
7.69209
7.69313
7.69417
7.69521
7.69626
7.69731
7.69837
7.69943
7.70049
7.70156
7.70263
7.7037
7.70478
7.70586
7.70695
7.70804
7.70914
7.71023
7.71134
7.71244
7.71355
7.71467
7.71578
7.71691
7.71803
7.71916
7.7203
7.72143
7.72258
7.72372
7.72487
7.72602
7.72718
7.72834
7.72951
7.73068
7.73185
7.73302
7.7342
7.73539
7.73658
7.73777
7.73897
7.74017
7.74137
7.74258
7.74379
7.74501
7.74622
7.74745
7.74868
7.74991
7.75114
7.75238
7.75362
7.75487
7.75612
7.75738
7.75863
7.7599
7.76116
7.76243
7.76371
7.76498
7.76627
7.76755
7.76884
7.77014
7.77143
7.77273
7.77404
7.77535
7.77666
7.77798
7.7793
7.78062
7.78195
7.78328
7.78462
7.78596
7.7873
7.78865
7.79
7.79136
7.79272
7.79408
7.79545
7.79682
7.79819
7.79957
7.80095
7.80234
7.80373
7.80512
7.80652
7.80792
7.80933
7.81074
7.81215
7.81357
7.81499
7.81642
7.81785
7.81928
7.82071
7.82216
7.8236
7.82505
7.8265
7.82796
7.82942
7.83088
7.83235
7.83382
7.83529
7.83677
7.83825
7.83974
7.84123
7.84273
7.84422
7.84573
7.84723
7.84874
7.85026
7.85177
7.85329
7.85482
7.85635
7.85788
7.85942
7.86096
7.8625
7.86405
7.8656
7.86716
7.86872
7.87028
7.87185
7.87342
7.875
7.87657
7.87816
7.87974
7.88133
7.88293
7.88453
7.88613
7.88773
7.88934
7.89096
7.89257
7.89419
7.89582
7.89745
7.89908
7.90071
7.90235
7.904
7.90565
7.9073
7.90895
7.91061
7.91227
7.91394
7.91561
7.91729
7.91896
7.92065
7.92233
7.92402
7.92571
7.92741
7.92911
7.93082
7.93252
7.93424
7.93595
7.93767
7.9394
7.94112
7.94286
7.94459
7.94633
7.94807
7.94982
7.95157
7.95332
7.95508
7.95684
7.95861
7.96038
7.96215
7.96393
7.96571
7.96749
7.96928
7.97107
7.97287
7.97467
7.97647
7.97828
7.98009
7.9819
7.98372
7.98554
7.98737
7.9892
7.99103
7.99287
7.99471
7.99655
7.9984
8.00025
8.00211
8.00397
8.00583
8.0077
8.00957
8.01144
8.01332
8.01521
8.01709
8.01898
8.02087
8.02277
8.02467
8.02658
8.02849
8.0304
8.03231
8.03423
8.03616
8.03809
8.04002
8.04195
8.04389
8.04583
8.04778
8.04973
8.05168
8.05364
8.0556
8.05756
8.05953
8.0615
8.06348
8.06546
8.06744
8.06943
8.07142
8.07342
8.07541
8.07742
8.07942
8.08143
8.08344
8.08546
8.08748
8.08951
8.09153
8.09357
8.0956
8.09764
8.09968
8.10173
8.10378
8.10583
8.10789
8.10995
8.11202
8.11409
8.11616
8.11824
8.12032
8.1224
8.12449
8.12658
8.12867
8.13077
8.13287
8.13498
8.13709
8.1392
8.14132
8.14344
8.14556
8.14769
8.14982
8.15196
8.1541
8.15624
8.15839
8.16054
8.16269
8.16485
8.16701
8.16918
8.17134
8.17352
8.17569
8.17787
8.18005
8.18224
8.18443
8.18663
8.18882
8.19103
8.19323
8.19544
8.19765
8.19987
8.20209
8.20431
8.20654
8.20877
8.211
8.21324
8.21548
8.21773
8.21998
8.22223
8.22449
8.22675
8.22901
8.23128
8.23355
8.23583
8.2381
8.24039
8.24267
8.24496
8.24725
8.24955
8.25185
8.25415
8.25646
8.25877
8.26109
8.26341
8.26573
8.26805
8.27038
8.27271
8.27505
8.27739
8.27973
8.28208
8.28443
8.28679
8.28915
8.29151
8.29387
8.29624
8.29861
8.30099
8.30337
8.30575
8.30814
8.31053
8.31293
8.31532
8.31773
8.32013
8.32254
8.32495
8.32737
8.32979
8.33221
8.33464
8.33707
8.3395
8.34194
8.34438
8.34682
8.34927
8.35172
8.35418
8.35664
8.3591
8.36157
8.36404
8.36651
8.36899
8.37147
8.37395
8.37644
8.37893
8.38142
8.38392
8.38642
8.38893
8.39144
8.39395
8.39647
8.39899
8.40151
8.40404
8.40657
8.4091
8.41164
8.41418
8.41672
8.41927
8.42182
8.42438
8.42694
8.4295
8.43206
8.43463
8.43721
8.43978
8.44236
8.44495
8.44753
8.45012
8.45272
8.45532
8.45792
8.46052
8.46313
8.46574
8.46836
8.47098
8.4736
8.47622
8.47885
8.48149
8.48412
8.48676
8.48941
8.49205
8.4947
8.49736
8.50001
8.50267
8.50534
8.50801
8.51068
8.51335
8.51603
8.51871
8.5214
8.52409
8.52678
8.52948
8.53218
8.53488
8.53759
8.5403
8.54301
8.54573
8.54845
8.55117
8.5539
8.55663
8.55936
8.5621
8.56484
8.56759
8.57033
8.57309
8.57584
8.5786
8.58136
8.58413
8.5869
8.58967
8.59244
8.59522
8.59801
8.60079
8.60358
8.60638
8.60917
8.61197
8.61478
8.61758
8.62039
8.62321
8.62602
8.62885
8.63167
8.6345
8.63733
8.64016
8.643
8.64584
8.64869
8.65154
8.65439
8.65724
8.6601
8.66296
8.66583
8.6687
8.67157
8.67444
8.67732
8.68021
8.68309
8.68598
8.68887
8.69177
8.69467
8.69757
8.70048
8.70339
8.7063
8.70922
8.71214
8.71506
8.71799
8.72092
8.72385
8.72679
8.72973
8.73267
8.73562
8.73857
8.74152
8.74448
8.74744
8.75041
8.75337
8.75634
8.75932
8.7623
8.76528
8.76826
8.77125
8.77424
8.77723
8.78023
8.78323
8.78624
8.78924
8.79226
8.79527
8.79829
8.80131
8.80433
8.80736
8.81039
8.81343
8.81647
8.81951
8.82255
8.8256
8.82865
8.83171
8.83476
8.83782
8.84089
8.84396
8.84703
8.8501
8.85318
8.85626
8.85935
8.86244
8.86553
8.86862
8.87172
8.87482
8.87792
8.88103
8.88414
8.88726
8.89038
8.8935
8.89662
8.89975
8.90288
8.90601
8.90915
8.91229
8.91544
8.91858
8.92174
8.92489
8.92805
8.93121
8.93437
8.93754
8.94071
8.94388
8.94706
8.95024
8.95342
8.95661
8.9598
8.96299
8.96619
8.96939
8.97259
8.9758
8.97901
8.98222
8.98544
8.98866
8.99188
8.99511
8.99834
9.00157
9.00481
9.00804
9.01129
9.01453
9.01778
9.02103
9.02429
9.02755
9.03081
9.03407
9.03734
9.04061
9.04389
9.04717
9.05045
9.05373
9.05702
9.06031
9.0636
9.0669
9.0702
9.0735
9.07681
9.08012
9.08343
9.08675
9.09007
9.09339
9.09672
9.10005
9.10338
9.10672
9.11006
9.1134
9.11674
9.12009
9.12344
9.1268
9.13016
9.13352
9.13688
9.14025
9.14362
9.14699
9.15037
9.15375
9.15713
9.16052
9.16391
9.1673
9.1707
9.1741
9.1775
9.18091
9.18432
9.18773
9.19114
9.19456
9.19798
9.20141
9.20483
9.20826
9.2117
9.21514
9.21858
9.22202
9.22547
9.22891
9.23237
9.23582
9.23928
9.24274
9.24621
9.24968
9.25315
9.25662
9.2601
9.26358
9.26707
9.27055
9.27404
9.27754
9.28103
9.28453
9.28804
9.29154
9.29505
9.29856
9.30208
9.30559
9.30912
9.31264
9.31617
9.3197
9.32323
9.32677
9.33031
9.33385
9.3374
9.34095
9.3445
9.34805
9.35161
9.35517
9.35874
9.3623
9.36587
9.36945
9.37302
9.3766
9.38019
9.38377
9.38736
9.39095
9.39455
9.39814
9.40175
9.40535
9.40896
9.41257
9.41618
9.4198
9.42342
9.42704
9.43066
9.43429
9.43792
9.44156
9.44519
9.44883
9.45248
9.45612
9.45977
9.46343
9.46708
9.47074
9.4744
9.47807
9.48173
9.4854
9.48908
9.49275
9.49643
9.50011
9.5038
9.50749
9.51118
9.51487
9.51857
9.52227
9.52598
9.52968
9.53339
9.5371
9.54082
9.54454
9.54826
9.55198
9.55571
9.55944
9.56317
9.56691
9.57065
9.57439
9.57813
9.58188
9.58563
9.58939
9.59314
9.5969
9.60067
9.60443
9.6082
9.61197
9.61575
9.61952
9.6233
9.62709
9.63087
9.63466
9.63845
9.64225
9.64605
9.64985
9.65365
9.65746
9.66127
9.66508
9.66889
9.67271
9.67653
9.68036
9.68418
9.68801
9.69184
9.69568
9.69952
9.70336
9.7072
9.71105
9.7149
9.71875
9.72261
9.72647
9.73033
9.73419
9.73806
9.74193
9.7458
9.74968
9.75356
9.75744
9.76132
9.76521
9.7691
9.77299
9.77689
9.78079
9.78469
9.78859
9.7925
9.79641
9.80033
9.80424
9.80816
9.81208
9.816
9.81993
9.82386
9.82779
9.83173
9.83567
9.83961
9.84355
9.8475
9.85145
9.8554
9.85936
9.86332
9.86728
9.87124
9.87521
9.87918
9.88315
9.88712
9.8911
9.89508
9.89906
9.90305
9.90704
9.91103
9.91502
9.91902
9.92302
9.92702
9.93103
9.93504
9.93905
9.94306
9.94708
9.9511
9.95512
9.95915
9.96317
9.9672
9.97124
9.97527
9.97931
9.98335
9.9874
9.99144
9.99549
9.99954
10.0036
10.0077
10.0117
10.0158
10.0198
10.0239
10.028
10.0321
10.0361
10.0402
10.0443
10.0484
10.0525
10.0566
10.0607
10.0648
10.0689
10.073
10.0771
10.0812
10.0853
10.0894
10.0935
10.0976
10.1017
10.1059
10.11
10.1141
10.1182
10.1224
10.1265
10.1307
10.1348
10.1389
10.1431
10.1472
10.1514
10.1555
10.1597
10.1639
10.168
10.1722
10.1764
10.1805
10.1847
10.1889
10.1931
10.1972
10.2014
10.2056
10.2098
10.214
10.2182
10.2224
10.2266
10.2308
10.235
10.2392
10.2434
10.2476
10.2518
10.256
10.2603
10.2645
10.2687
10.2729
10.2772
10.2814
10.2856
10.2899
10.2941
10.2984
10.3026
10.3069
10.3111
10.3154
10.3196
10.3239
10.3281
10.3324
10.3367
10.3409
10.3452
10.3495
10.3538
10.358
10.3623
10.3666
10.3709
10.3752
10.3795
10.3838
10.3881
10.3924
10.3967
10.401
10.4053
10.4096
10.4139
10.4182
10.4226
10.4269
10.4312
10.4355
10.4398
10.4442
10.4485
10.4528
10.4572
10.4615
10.4659
10.4702
10.4746
10.4789
10.4833
10.4876
10.492
10.4963
10.5007
10.5051
10.5094
10.5138
10.5182
10.5226
10.5269
10.5313
10.5357
10.5401
10.5445
10.5489
10.5532
10.5576
10.562
10.5664
10.5708
10.5752
10.5797
10.5841
10.5885
10.5929
10.5973
10.6017
10.6061
10.6106
10.615
10.6194
10.6239
10.6283
10.6327
10.6372
10.6416
10.646
10.6505
10.6549
10.6594
10.6638
10.6683
10.6728
10.6772
10.6817
10.6861
10.6906
10.6951
10.6996
10.704
10.7085
10.713
10.7175
10.722
10.7264
10.7309
10.7354
10.7399
10.7444
10.7489
10.7534
10.7579
10.7624
10.7669
10.7714
10.7759
10.7805
10.785
10.7895
10.794
10.7985
10.8031
10.8076
10.8121
10.8167
10.8212
10.8257
10.8303
10.8348
10.8394
10.8439
10.8485
10.853
10.8576
10.8621
10.8667
10.8712
10.8758
10.8804
10.8849
10.8895
10.8941
10.8986
10.9032
10.9078
10.9124
10.917
10.9215
10.9261
10.9307
10.9353
10.9399
10.9445
10.9491
10.9537
10.9583
10.9629
10.9675
10.9721
10.9768
10.9814
10.986
10.9906
10.9952
10.9999
11.0045
11.0091
11.0137
11.0184
11.023
11.0276
11.0323
11.0369
11.0416
11.0462
11.0509
11.0555
11.0602
11.0648
11.0695
11.0741
11.0788
11.0835
11.0881
11.0928
11.0975
11.1021
11.1068
11.1115
11.1162
11.1208
11.1255
11.1302
11.1349
11.1396
11.1443
11.149
11.1537
11.1584
11.1631
11.1678
11.1725
11.1772
11.1819
11.1866
11.1913
11.196
11.2007
11.2055
11.2102
11.2149
11.2196
11.2244
11.2291
11.2338
11.2386
11.2433
11.248
11.2528
11.2575
11.2623
11.267
11.2718
11.2765
11.2813
11.286
11.2908
11.2955
11.3003
11.3051
11.3098
11.3146
11.3194
11.3241
11.3289
11.3337
11.3385
11.3432
11.348
11.3528
11.3576
11.3624
11.3672
11.372
11.3767
11.3815
11.3863
11.3911
11.3959
11.4007
11.4056
11.4104
11.4152
11.42
11.4248
11.4296
11.4344
11.4392
11.4441
11.4489
11.4537
11.4585
11.4634
11.4682
11.473
11.4779
11.4827
11.4876
11.4924
11.4972
11.5021
11.5069
11.5118
11.5166
11.5215
11.5263
11.5312
11.5361
11.5409
11.5458
11.5507
11.5555
11.5604
11.5653
11.5701
11.575
11.5799
11.5848
11.5896
11.5945
11.5994
11.6043
11.6092
11.6141
11.619
11.6239
11.6288
11.6337
11.6386
11.6435
11.6484
11.6533
11.6582
11.6631
11.668
11.6729
11.6778
11.6827
11.6877
11.6926
11.6975
11.7024
11.7074
11.7123
11.7172
11.7221
11.7271
11.732
11.7369
11.7419
11.7468
11.7518
11.7567
11.7617
11.7666
11.7716
11.7765
11.7815
11.7864
11.7914
11.7963
11.8013
11.8063
11.8112
11.8162
11.8212
11.8261
11.8311
11.8361
11.8411
11.846
11.851
11.856
11.861
11.866
11.8709
11.8759
11.8809
11.8859
11.8909
11.8959
11.9009
11.9059
11.9109
11.9159
11.9209
11.9259
11.9309
11.9359
11.9409
11.9459
11.951
11.956
11.961
11.966
11.971
11.9761
11.9811
11.9861
11.9911
11.9962
12.0012
12.0062
12.0113
12.0163
12.0213
12.0264
12.0314
12.0365
12.0415
12.0465
12.0516
12.0566
12.0617
12.0668
12.0718
12.0769
12.0819
12.087
12.092
12.0971
12.1022
12.1072
12.1123
12.1174
12.1224
12.1275
12.1326
12.1377
12.1427
12.1478
12.1529
12.158
12.1631
12.1682
12.1732
12.1783
12.1834
12.1885
12.1936
12.1987
12.2038
12.2089
12.214
12.2191
12.2242
12.2293
12.2344
12.2395
12.2446
12.2498
12.2549
12.26
12.2651
12.2702
12.2753
12.2805
12.2856
12.2907
12.2958
12.301
12.3061
12.3112
12.3164
12.3215
12.3266
12.3318
12.3369
12.342
12.3472
12.3523
12.3575
12.3626
12.3678
12.3729
12.3781
12.3832
12.3884
12.3935
12.3987
12.4038
12.409
12.4142
12.4193
12.4245
12.4296
12.4348
12.44
12.4451
12.4503
12.4555
12.4607
12.4658
12.471
12.4762
12.4814
12.4866
12.4917
12.4969
12.5021
12.5073
12.5125
12.5177
12.5229
12.5281
12.5333
12.5385
12.5437
12.5489
12.5541
12.5593
12.5645
12.5697
12.5749
12.5801
12.5853
12.5905
12.5957
12.6009
12.6061
12.6114
12.6166
12.6218
12.627
12.6322
12.6375
12.6427
12.6479
12.6531
12.6584
12.6636
12.6688
12.674
12.6793
12.6845
12.6898
12.695
12.7002
12.7055
12.7107
12.716
12.7212
12.7264
12.7317
12.7369
12.7422
12.7474
12.7527
12.7579
12.7632
12.7685
12.7737
12.779
12.7842
12.7895
12.7948
12.8
12.8053
12.8106
12.8158
12.8211
12.8264
12.8316
12.8369
12.8422
12.8475
12.8527
12.858
12.8633
12.8686
12.8739
12.8791
12.8844
12.8897
12.895
12.9003
12.9056
12.9109
12.9162
12.9215
12.9267
12.932
12.9373
12.9426
12.9479
12.9532
12.9585
12.9638
12.9691
12.9745
12.9798
12.9851
12.9904
12.9957
13.001
13.0063
13.0116
13.0169
13.0223
13.0276
13.0329
13.0382
13.0435
13.0489
13.0542
13.0595
13.0648
13.0702
13.0755
13.0808
13.0861
13.0915
13.0968
13.1021
13.1075
13.1128
13.1181
13.1235
13.1288
13.1342
13.1395
13.1449
13.1502
13.1555
13.1609
13.1662
13.1716
13.1769
13.1823
13.1876
13.193
13.1983
13.2037
13.2091
13.2144
13.2198
13.2251
13.2305
13.2358
13.2412
13.2466
13.2519
13.2573
13.2627
13.268
13.2734
13.2788
13.2841
13.2895
13.2949
13.3003
13.3056
13.311
13.3164
13.3218
13.3272
13.3325
13.3379
13.3433
13.3487
13.3541
13.3594
13.3648
13.3702
13.3756
13.381
13.3864
13.3918
13.3972
13.4026
13.408
13.4134
13.4188
13.4241
13.4295
13.4349
13.4403
13.4457
13.4511
13.4566
13.462
13.4674
13.4728
13.4782
13.4836
13.489
13.4944
13.4998
13.5052
13.5106
13.516
13.5215
13.5269
13.5323
13.5377
13.5431
13.5485
13.554
13.5594
13.5648
13.5702
13.5757
13.5811
13.5865
13.5919
13.5974
13.6028
13.6082
13.6136
13.6191
13.6245
13.6299
13.6354
13.6408
13.6462
13.6517
13.6571
13.6625
13.668
13.6734
13.6789
13.6843
13.6897
13.6952
13.7006
13.7061
13.7115
13.717
13.7224
13.7279
13.7333
13.7388
13.7442
13.7497
13.7551
13.7606
13.766
13.7715
13.7769
13.7824
13.7878
13.7933
13.7987
13.8042
13.8097
13.8151
13.8206
13.8261
13.8315
13.837
13.8424
13.8479
13.8534
13.8588
13.8643
13.8698
13.8752
13.8807
13.8862
13.8916
13.8971
13.9026
13.9081
13.9135
13.919
13.9245
13.93
13.9354
13.9409
13.9464
13.9519
13.9574
13.9628
13.9683
13.9738
13.9793
13.9848
13.9902
13.9957
14.0012
14.0067
14.0122
14.0177
14.0232
14.0286
14.0341
14.0396
14.0451
14.0506
14.0561
14.0616
14.0671
14.0726
14.0781
14.0836
14.0891
14.0946
14.1001
14.1056
14.111
14.1165
14.122
14.1275
14.133
14.1385
14.144
14.1496
14.1551
14.1606
14.1661
14.1716
14.1771
14.1826
14.1881
14.1936
14.1991
14.2046
14.2101
14.2156
14.2211
14.2266
14.2322
14.2377
14.2432
14.2487
14.2542
14.2597
14.2652
14.2707
14.2763
14.2818
14.2873
14.2928
14.2983
14.3038
14.3094
14.3149
14.3204
14.3259
14.3314
14.337
14.3425
14.348
14.3535
14.359
14.3646
14.3701
14.3756
14.3811
14.3867
14.3922
14.3977
14.4032
14.4088
14.4143
14.4198
14.4254
14.4309
14.4364
14.442
14.4475
14.453
14.4585
14.4641
14.4696
14.4751
14.4807
14.4862
14.4917
14.4973
14.5028
14.5083
14.5139
14.5194
14.525
14.5305
14.536
14.5416
14.5471
14.5526
14.5582
14.5637
14.5693
14.5748
14.5803
14.5859
14.5914
14.597
14.6025
14.608
14.6136
14.6191
14.6247
14.6302
14.6358
14.6413
14.6469
14.6524
14.6579
14.6635
14.669
14.6746
14.6801
14.6857
14.6912
14.6968
14.7023
14.7079
14.7134
14.719
14.7245
14.7301
14.7356
14.7412
14.7467
14.7523
14.7578
14.7634
14.7689
14.7745
14.78
14.7856
14.7911
14.7967
14.8022
14.8078
14.8133
14.8189
14.8245
14.83
14.8356
14.8411
14.8467
14.8522
14.8578
14.8633
14.8689
14.8745
14.88
14.8856
14.8911
14.8967
14.9022
14.9078
14.9134
14.9189
14.9245
14.93
14.9356
14.9411
14.9467
14.9523
14.9578
14.9634
14.9689
14.9745
14.9801
14.9856
14.9912
14.9967
15.0023
15.0079
15.0134
15.019
15.0246
15.0301
15.0357
15.0412
15.0468
15.0524
15.0579
15.0635
15.0691
15.0746
15.0802
15.0857
15.0913
15.0969
15.1024
15.108
15.1136
15.1191
15.1247
15.1303
15.1358
15.1414
15.1469
15.1525
15.1581
15.1636
15.1692
15.1748
15.1803
15.1859
15.1915
15.197
15.2026
15.2082
15.2137
15.2193
15.2249
15.2304
15.236
15.2416
15.2471
15.2527
15.2582
15.2638
15.2694
15.2749
15.2805
15.2861
15.2916
15.2972
15.3028
15.3083
15.3139
15.3195
15.325
15.3306
15.3362
15.3417
15.3473
15.3529
15.3584
15.364
15.3696
15.3751
15.3807
15.3863
15.3918
15.3974
15.403
15.4085
15.4141
15.4197
15.4252
15.4308
15.4363
15.4419
15.4475
15.453
15.4586
15.4642
15.4697
15.4753
15.4809
15.4864
15.492
15.4976
15.5031
15.5087
15.5143
15.5198
15.5254
15.5309
15.5365
15.5421
15.5476
15.5532
15.5588
15.5643
15.5699
15.5754
15.581
15.5866
15.5921
15.5977
15.6033
15.6088
15.6144
15.6199
15.6255
15.6311
15.6366
15.6422
15.6477
15.6533
15.6589
15.6644
15.67
15.6755
15.6811
15.6867
15.6922
15.6978
15.7033
15.7089
15.7145
15.72
15.7256
15.7311
15.7367
15.7423
15.7478
15.7534
15.7589
15.7645
15.77
15.7756
15.7811
15.7867
15.7923
15.7978
15.8034
15.8089
15.8145
15.82
15.8256
15.8311
15.8367
15.8422
15.8478
15.8534
15.8589
15.8645
15.87
15.8756
15.8811
15.8867
15.8922
15.8978
15.9033
15.9089
15.9144
15.92
15.9255
15.9311
15.9366
15.9422
15.9477
15.9532
15.9588
15.9643
15.9699
15.9754
15.981
15.9865
15.9921
15.9976
16.0032
16.0087
16.0142
16.0198
16.0253
16.0309
16.0364
16.042
16.0475
16.053
16.0586
16.0641
16.0697
16.0752
16.0807
16.0863
16.0918
16.0973
16.1029
16.1084
16.114
16.1195
16.125
16.1306
16.1361
16.1416
16.1472
16.1527
16.1582
16.1638
16.1693
16.1748
16.1804
16.1859
16.1914
16.197
16.2025
16.208
16.2135
16.2191
16.2246
16.2301
16.2357
16.2412
16.2467
16.2522
16.2578
16.2633
16.2688
16.2743
16.2799
16.2854
16.2909
16.2964
16.3019
16.3075
16.313
16.3185
16.324
16.3295
16.3351
16.3406
16.3461
16.3516
16.3571
16.3626
16.3681
16.3737
16.3792
16.3847
16.3902
16.3957
16.4012
16.4067
16.4122
16.4178
16.4233
16.4288
16.4343
16.4398
16.4453
16.4508
16.4563
16.4618
16.4673
16.4728
16.4783
16.4838
16.4893
16.4948
16.5003
16.5058
16.5113
16.5168
16.5223
16.5278
16.5333
16.5388
16.5443
16.5498
16.5553
16.5608
16.5663
16.5718
16.5773
16.5828
16.5883
16.5938
16.5992
16.6047
16.6102
16.6157
16.6212
16.6267
16.6322
16.6376
16.6431
16.6486
16.6541
16.6596
16.6651
16.6705
16.676
16.6815
16.687
16.6925
16.6979
16.7034
16.7089
16.7144
16.7198
16.7253
16.7308
16.7363
16.7417
16.7472
16.7527
16.7581
16.7636
16.7691
16.7745
16.78
16.7855
16.7909
16.7964
16.8019
16.8073
16.8128
16.8183
16.8237
16.8292
16.8346
16.8401
16.8455
16.851
16.8565
16.8619
16.8674
16.8728
16.8783
16.8837
16.8892
16.8946
16.9001
16.9055
16.911
16.9164
16.9219
16.9273
16.9327
16.9382
16.9436
16.9491
16.9545
16.96
16.9654
16.9708
16.9763
16.9817
16.9871
16.9926
16.998
17.0034
17.0089
17.0143
17.0197
17.0252
17.0306
17.036
17.0415
17.0469
17.0523
17.0577
17.0632
17.0686
17.074
17.0794
17.0848
17.0903
17.0957
17.1011
17.1065
17.1119
17.1173
17.1227
17.1282
17.1336
17.139
17.1444
17.1498
17.1552
17.1606
17.166
17.1714
17.1768
17.1822
17.1876
17.193
17.1984
17.2038
17.2092
17.2146
17.22
17.2254
17.2308
17.2362
17.2416
17.247
17.2524
17.2578
17.2632
17.2685
17.2739
17.2793
17.2847
17.2901
17.2955
17.3009
17.3062
17.3116
17.317
17.3224
17.3277
17.3331
17.3385
17.3439
17.3492
17.3546
17.36
17.3653
17.3707
17.3761
17.3814
17.3868
17.3922
17.3975
17.4029
17.4083
17.4136
17.419
17.4243
17.4297
17.435
17.4404
17.4457
17.4511
17.4565
17.4618
17.4671
17.4725
17.4778
17.4832
17.4885
17.4939
17.4992
17.5046
17.5099
17.5152
17.5206
17.5259
17.5312
17.5366
17.5419
17.5472
17.5526
17.5579
17.5632
17.5686
17.5739
17.5792
17.5845
17.5898
17.5952
17.6005
17.6058
17.6111
17.6164
17.6218
17.6271
17.6324
17.6377
17.643
17.6483
17.6536
17.6589
17.6642
17.6695
17.6748
17.6801
17.6854
17.6907
17.696
17.7013
17.7066
17.7119
17.7172
17.7225
17.7278
17.7331
17.7384
17.7437
17.749
17.7542
17.7595
17.7648
17.7701
17.7754
17.7806
17.7859
17.7912
17.7965
17.8017
17.807
17.8123
17.8176
17.8228
17.8281
17.8334
17.8386
17.8439
17.8491
17.8544
17.8597
17.8649
17.8702
17.8754
17.8807
17.8859
17.8912
17.8964
17.9017
17.9069
17.9122
17.9174
17.9227
17.9279
17.9332
17.9384
17.9436
17.9489
17.9541
17.9593
17.9646
17.9698
17.975
17.9803
17.9855
17.9907
17.9959
18.0012
18.0064
18.0116
18.0168
18.022
18.0273
18.0325
18.0377
18.0429
18.0481
18.0533
18.0585
18.0637
18.0689
18.0741
18.0793
18.0845
18.0897
18.0949
18.1001
18.1053
18.1105
18.1157
18.1209
18.1261
18.1313
18.1365
18.1416
18.1468
18.152
18.1572
18.1624
18.1675
18.1727
18.1779
18.1831
18.1882
18.1934
18.1986
18.2037
18.2089
18.2141
18.2192
18.2244
18.2296
18.2347
18.2399
18.245
18.2502
18.2553
18.2605
18.2656
18.2708
18.2759
18.2811
18.2862
18.2914
18.2965
18.3016
18.3068
18.3119
18.317
18.3222
18.3273
18.3324
18.3376
18.3427
18.3478
18.3529
18.358
18.3632
18.3683
18.3734
18.3785
18.3836
18.3887
18.3939
18.399
18.4041
18.4092
18.4143
18.4194
18.4245
18.4296
18.4347
18.4398
18.4449
18.45
18.4551
18.4601
18.4652
18.4703
18.4754
18.4805
18.4856
18.4906
18.4957
18.5008
18.5059
18.5109
18.516
18.5211
18.5262
18.5312
18.5363
18.5413
18.5464
18.5515
18.5565
18.5616
18.5666
18.5717
18.5767
18.5818
18.5868
18.5919
18.5969
18.602
18.607
18.6121
18.6171
18.6221
18.6272
18.6322
18.6372
18.6423
18.6473
18.6523
18.6573
18.6624
18.6674
18.6724
18.6774
18.6824
18.6875
18.6925
18.6975
18.7025
18.7075
18.7125
18.7175
18.7225
18.7275
18.7325
18.7375
18.7425
18.7475
18.7525
18.7575
18.7625
18.7674
18.7724
18.7774
18.7824
18.7874
18.7923
18.7973
18.8023
18.8073
18.8122
18.8172
18.8222
18.8271
18.8321
18.8371
18.842
18.847
18.8519
18.8569
18.8618
18.8668
18.8717
18.8767
18.8816
18.8866
18.8915
18.8964
18.9014
18.9063
18.9113
18.9162
18.9211
18.926
18.931
18.9359
18.9408
18.9457
18.9507
18.9556
18.9605
18.9654
18.9703
18.9752
18.9801
18.985
18.9899
18.9948
18.9997
19.0046
19.0095
19.0144
19.0193
19.0242
19.0291
19.034
19.0389
19.0437
19.0486
19.0535
19.0584
19.0633
19.0681
19.073
19.0779
19.0827
19.0876
19.0925
19.0973
19.1022
19.107
19.1119
19.1168
19.1216
19.1265
19.1313
19.1362
19.141
19.1458
19.1507
19.1555
19.1604
19.1652
19.17
19.1748
19.1797
19.1845
19.1893
19.1941
19.199
19.2038
19.2086
19.2134
19.2182
19.223
19.2278
19.2327
19.2375
19.2423
19.2471
19.2519
19.2567
19.2614
19.2662
19.271
19.2758
19.2806
19.2854
19.2902
19.2949
19.2997
19.3045
19.3093
19.314
19.3188
19.3236
19.3283
19.3331
19.3379
19.3426
19.3474
19.3521
19.3569
19.3616
19.3664
19.3711
19.3759
19.3806
19.3854
19.3901
19.3948
19.3996
19.4043
19.409
19.4138
19.4185
19.4232
19.4279
19.4327
19.4374
19.4421
19.4468
19.4515
19.4562
19.4609
19.4656
19.4703
19.475
19.4797
19.4844
19.4891
19.4938
19.4985
19.5032
19.5079
19.5126
19.5172
19.5219
19.5266
19.5313
19.5359
19.5406
19.5453
19.5499
19.5546
19.5593
19.5639
19.5686
19.5732
19.5779
19.5825
19.5872
19.5918
19.5965
19.6011
19.6058
19.6104
19.615
19.6197
19.6243
19.6289
19.6336
19.6382
19.6428
19.6474
19.652
19.6567
19.6613
19.6659
19.6705
19.6751
19.6797
19.6843
19.6889
19.6935
19.6981
19.7027
19.7073
19.7119
19.7164
19.721
19.7256
19.7302
19.7348
19.7393
19.7439
19.7485
19.753
19.7576
19.7622
19.7667
19.7713
19.7758
19.7804
19.785
19.7895
19.7941
19.7986
19.8031
19.8077
19.8122
19.8168
19.8213
19.8258
19.8303
19.8349
19.8394
19.8439
19.8484
19.853
19.8575
19.862
19.8665
19.871
19.8755
19.88
19.8845
19.889
19.8935
19.898
19.9025
19.907
19.9115
19.9159
19.9204
19.9249
19.9294
19.9339
19.9383
19.9428
19.9473
19.9517
19.9562
19.9606
19.9651
19.9696
19.974
19.9785
19.9829
19.9874
19.9918
19.9962
20.0007
20.0051
20.0096
20.014
20.0184
20.0228
20.0273
20.0317
20.0361
20.0405
20.0449
20.0493
20.0538
20.0582
20.0626
20.067
20.0714
20.0758
20.0802
20.0846
20.0889
20.0933
20.0977
20.1021
20.1065
20.1109
20.1152
20.1196
20.124
20.1283
20.1327
20.1371
20.1414
20.1458
20.1501
20.1545
20.1589
20.1632
20.1675
20.1719
20.1762
20.1806
20.1849
20.1892
20.1936
20.1979
20.2022
20.2065
20.2109
20.2152
20.2195
20.2238
20.2281
20.2324
20.2367
20.241
20.2453
20.2496
20.2539
20.2582
20.2625
20.2668
20.2711
20.2754
20.2796
20.2839
20.2882
20.2925
20.2967
20.301
20.3053
20.3095
20.3138
20.318
20.3223
20.3266
20.3308
20.335
20.3393
20.3435
20.3478
20.352
20.3562
20.3605
20.3647
20.3689
20.3731
20.3774
20.3816
20.3858
20.39
20.3942
20.3984
20.4026
20.4068
20.411
20.4152
20.4194
20.4236
20.4278
20.432
20.4362
20.4404
20.4445
20.4487
20.4529
20.4571
20.4612
20.4654
20.4696
20.4737
20.4779
20.482
20.4862
20.4903
20.4945
20.4986
20.5028
20.5069
20.511
20.5152
20.5193
20.5234
20.5276
20.5317
20.5358
20.5399
20.544
20.5481
20.5523
20.5564
20.5605
20.5646
20.5687
20.5728
20.5769
20.5809
20.585
20.5891
20.5932
20.5973
20.6014
20.6054
20.6095
20.6136
20.6176
20.6217
20.6258
20.6298
20.6339
20.6379
20.642
20.646
20.6501
20.6541
20.6581
20.6622
20.6662
20.6702
20.6743
20.6783
20.6823
20.6863
20.6904
20.6944
20.6984
20.7024
20.7064
20.7104
20.7144
20.7184
20.7224
20.7264
20.7304
20.7344
20.7383
20.7423
20.7463
20.7503
20.7542
20.7582
20.7622
20.7661
20.7701
20.7741
20.778
20.782
20.7859
20.7899
20.7938
20.7978
20.8017
20.8056
20.8096
20.8135
20.8174
20.8213
20.8253
20.8292
20.8331
20.837
20.8409
20.8448
20.8487
20.8526
20.8565
20.8604
20.8643
20.8682
20.8721
20.876
20.8799
20.8837
20.8876
20.8915
20.8954
20.8992
20.9031
20.907
20.9108
20.9147
20.9185
20.9224
20.9262
20.9301
20.9339
20.9377
20.9416
20.9454
20.9492
20.9531
20.9569
20.9607
20.9645
20.9683
20.9722
20.976
20.9798
20.9836
20.9874
20.9912
20.995
20.9988
21.0026
21.0063
21.0101
21.0139
21.0177
21.0215
21.0252
21.029
21.0328
21.0365
21.0403
21.044
21.0478
21.0515
21.0553
21.059
21.0628
21.0665
21.0703
21.074
21.0777
21.0814
21.0852
21.0889
21.0926
21.0963
21.1
21.1037
21.1075
21.1112
21.1149
21.1186
21.1222
21.1259
21.1296
21.1333
21.137
21.1407
21.1444
21.148
21.1517
21.1554
21.159
21.1627
21.1664
21.17
21.1737
21.1773
21.181
21.1846
21.1882
21.1919
21.1955
21.1991
21.2028
21.2064
21.21
21.2136
21.2173
21.2209
21.2245
21.2281
21.2317
21.2353
21.2389
21.2425
21.2461
21.2497
21.2532
21.2568
21.2604
21.264
21.2676
21.2711
21.2747
21.2783
21.2818
21.2854
21.2889
21.2925
21.296
21.2996
21.3031
21.3067
21.3102
21.3137
21.3173
21.3208
21.3243
21.3278
21.3314
21.3349
21.3384
21.3419
21.3454
21.3489
21.3524
21.3559
21.3594
21.3629
21.3664
21.3699
21.3733
21.3768
21.3803
21.3838
21.3872
21.3907
21.3942
21.3976
21.4011
21.4045
21.408
21.4114
21.4149
21.4183
21.4217
21.4252
21.4286
21.432
21.4355
21.4389
21.4423
21.4457
21.4491
21.4525
21.4559
21.4593
21.4627
21.4661
21.4695
21.4729
21.4763
21.4797
21.4831
21.4864
21.4898
21.4932
21.4966
21.4999
21.5033
21.5066
21.51
21.5133
21.5167
21.52
21.5234
21.5267
21.5301
21.5334
21.5367
21.54
21.5434
21.5467
21.55
21.5533
21.5566
21.5599
21.5632
21.5665
21.5698
21.5731
21.5764
21.5797
21.583
21.5863
21.5896
21.5928
21.5961
21.5994
21.6026
21.6059
21.6092
21.6124
21.6157
21.6189
21.6222
21.6254
21.6286
21.6319
21.6351
21.6383
21.6416
21.6448
21.648
21.6512
21.6544
21.6576
21.6608
21.6641
21.6673
21.6705
21.6736
21.6768
21.68
21.6832
21.6864
21.6896
21.6927
21.6959
21.6991
21.7022
21.7054
21.7086
21.7117
21.7149
21.718
21.7212
21.7243
21.7274
21.7306
21.7337
21.7368
21.7399
21.7431
21.7462
21.7493
21.7524
21.7555
21.7586
21.7617
21.7648
21.7679
21.771
21.7741
21.7772
21.7803
21.7833
21.7864
21.7895
21.7926
21.7956
21.7987
21.8017
21.8048
21.8078
21.8109
21.8139
21.817
21.82
21.8231
21.8261
21.8291
21.8321
21.8352
21.8382
21.8412
21.8442
21.8472
21.8502
21.8532
21.8562
21.8592
21.8622
21.8652
21.8682
21.8712
21.8741
21.8771
21.8801
21.883
21.886
21.889
21.8919
21.8949
21.8978
21.9008
21.9037
21.9067
21.9096
21.9125
21.9155
21.9184
21.9213
21.9242
21.9272
21.9301
21.933
21.9359
21.9388
21.9417
21.9446
21.9475
21.9504
21.9532
21.9561
21.959
21.9619
21.9648
21.9676
21.9705
21.9734
21.9762
21.9791
21.9819
21.9848
21.9876
21.9905
21.9933
21.9961
21.999
22.0018
22.0046
22.0074
22.0102
22.0131
22.0159
22.0187
22.0215
22.0243
22.0271
22.0299
22.0327
22.0354
22.0382
22.041
22.0438
22.0466
22.0493
22.0521
22.0549
22.0576
22.0604
22.0631
22.0659
22.0686
22.0714
22.0741
22.0768
22.0796
22.0823
22.085
22.0877
22.0904
22.0932
22.0959
22.0986
22.1013
22.104
22.1067
22.1094
22.1121
22.1147
22.1174
22.1201
22.1228
22.1255
22.1281
22.1308
22.1334
22.1361
22.1388
22.1414
22.1441
22.1467
22.1493
22.152
22.1546
22.1572
22.1599
22.1625
22.1651
22.1677
22.1703
22.1729
22.1755
22.1781
22.1807
22.1833
22.1859
22.1885
22.1911
22.1937
22.1963
22.1988
22.2014
22.204
22.2065
22.2091
22.2116
22.2142
22.2167
22.2193
22.2218
22.2244
22.2269
22.2294
22.232
22.2345
22.237
22.2395
22.242
22.2445
22.247
22.2495
22.252
22.2545
22.257
22.2595
22.262
22.2645
22.267
22.2694
22.2719
22.2744
22.2768
22.2793
22.2817
22.2842
22.2866
22.2891
22.2915
22.294
22.2964
22.2988
22.3013
22.3037
22.3061
22.3085
22.3109
22.3133
22.3157
22.3181
22.3205
22.3229
22.3253
22.3277
22.3301
22.3325
22.3349
22.3372
22.3396
22.342
22.3443
22.3467
22.349
22.3514
22.3537
22.3561
22.3584
22.3608
22.3631
22.3654
22.3677
22.3701
22.3724
22.3747
22.377
22.3793
22.3816
22.3839
22.3862
22.3885
22.3908
22.3931
22.3954
22.3976
22.3999
22.4022
22.4045
22.4067
22.409
22.4112
22.4135
22.4157
22.418
22.4202
22.4225
22.4247
22.4269
22.4292
22.4314
22.4336
22.4358
22.438
22.4402
22.4424
22.4446
22.4468
22.449
22.4512
22.4534
22.4556
22.4578
22.46
22.4621
22.4643
22.4665
22.4686
22.4708
22.4729
22.4751
22.4772
22.4794
22.4815
22.4837
22.4858
22.4879
22.49
22.4922
22.4943
22.4964
22.4985
22.5006
22.5027
22.5048
22.5069
22.509
22.5111
22.5132
22.5152
22.5173
22.5194
22.5215
22.5235
22.5256
22.5276
22.5297
22.5317
22.5338
22.5358
22.5379
22.5399
22.5419
22.544
22.546
22.548
22.55
22.552
22.5541
22.5561
22.5581
22.5601
22.5621
22.564
22.566
22.568
22.57
22.572
22.5739
22.5759
22.5779
22.5798
22.5818
22.5838
22.5857
22.5876
22.5896
22.5915
22.5935
22.5954
22.5973
22.5992
22.6012
22.6031
22.605
22.6069
22.6088
22.6107
22.6126
22.6145
22.6164
22.6183
22.6202
22.622
22.6239
22.6258
22.6277
22.6295
22.6314
22.6332
22.6351
22.6369
22.6388
22.6406
22.6425
22.6443
22.6461
22.6479
22.6498
22.6516
22.6534
22.6552
22.657
22.6588
22.6606
22.6624
22.6642
22.666
22.6678
22.6696
22.6713
22.6731
22.6749
22.6766
22.6784
22.6802
22.6819
22.6837
22.6854
22.6872
22.6889
22.6906
22.6924
22.6941
22.6958
22.6975
22.6992
22.701
22.7027
22.7044
22.7061
22.7078
22.7095
22.7112
22.7128
22.7145
22.7162
22.7179
22.7195
22.7212
22.7229
22.7245
22.7262
22.7278
22.7295
22.7311
22.7328
22.7344
22.736
22.7377
22.7393
22.7409
22.7425
22.7441
22.7458
22.7474
22.749
22.7506
22.7522
22.7537
22.7553
22.7569
22.7585
22.7601
22.7616
22.7632
22.7648
22.7663
22.7679
22.7694
22.771
22.7725
22.7741
22.7756
22.7771
22.7787
22.7802
22.7817
22.7832
22.7848
22.7863
22.7878
22.7893
22.7908
22.7923
22.7938
22.7952
22.7967
22.7982
22.7997
22.8011
22.8026
22.8041
22.8055
22.807
22.8084
22.8099
22.8113
22.8128
22.8142
22.8156
22.8171
22.8185
22.8199
22.8213
22.8228
22.8242
22.8256
22.827
22.8284
22.8298
22.8312
22.8325
22.8339
22.8353
22.8367
22.838
22.8394
22.8408
22.8421
22.8435
22.8448
22.8462
22.8475
22.8489
22.8502
22.8515
22.8529
22.8542
22.8555
22.8568
22.8582
22.8595
22.8608
22.8621
22.8634
22.8647
22.8659
22.8672
22.8685
22.8698
22.8711
22.8723
22.8736
22.8749
22.8761
22.8774
22.8786
22.8799
22.8811
22.8824
22.8836
22.8848
22.8861
22.8873
22.8885
22.8897
22.8909
22.8921
22.8933
22.8945
22.8957
22.8969
22.8981
22.8993
22.9005
22.9017
22.9028
22.904
22.9052
22.9063
22.9075
22.9086
22.9098
22.9109
22.9121
22.9132
22.9143
22.9155
22.9166
22.9177
22.9188
22.92
22.9211
22.9222
22.9233
22.9244
22.9255
22.9266
22.9276
22.9287
22.9298
22.9309
22.9319
22.933
22.9341
22.9351
22.9362
22.9372
22.9383
22.9393
22.9404
22.9414
22.9424
22.9435
22.9445
22.9455
22.9465
22.9475
22.9486
22.9496
22.9506
22.9516
22.9526
22.9535
22.9545
22.9555
22.9565
22.9575
22.9584
22.9594
22.9604
22.9613
22.9623
22.9632
22.9642
22.9651
22.966
22.967
22.9679
22.9688
22.9697
22.9707
22.9716
22.9725
22.9734
22.9743
22.9752
22.9761
22.977
22.9779
22.9787
22.9796
22.9805
22.9814
22.9822
22.9831
22.984
22.9848
22.9857
22.9865
22.9874
22.9882
22.989
22.9899
22.9907
22.9915
22.9923
22.9931
22.994
22.9948
22.9956
22.9964
22.9972
22.998
22.9987
22.9995
23.0003
23.0011
23.0019
23.0026
23.0034
23.0042
23.0049
23.0057
23.0064
23.0072
23.0079
23.0086
23.0094
23.0101
23.0108
23.0115
23.0123
23.013
23.0137
23.0144
23.0151
23.0158
23.0165
23.0172
23.0178
23.0185
23.0192
23.0199
23.0205
23.0212
23.0219
23.0225
23.0232
23.0238
23.0245
23.0251
23.0258
23.0264
23.027
23.0276
23.0283
23.0289
23.0295
23.0301
23.0307
23.0313
23.0319
23.0325
23.0331
23.0337
23.0343
23.0348
23.0354
23.036
23.0365
23.0371
23.0377
23.0382
23.0388
23.0393
23.0399
23.0404
23.0409
23.0415
23.042
23.0425
23.043
23.0435
23.0441
23.0446
23.0451
23.0456
23.0461
23.0465
23.047
23.0475
23.048
23.0485
23.0489
23.0494
23.0499
23.0503
23.0508
23.0512
23.0517
23.0521
23.0526
23.053
23.0534
23.0539
23.0543
23.0547
23.0551
23.0555
23.0559
23.0563
23.0567
23.0571
23.0575
23.0579
23.0583
23.0587
23.059
23.0594
23.0598
23.0601
23.0605
23.0609
23.0612
23.0616
23.0619
23.0622
23.0626
23.0629
23.0632
23.0636
23.0639
23.0642
23.0645
23.0648
23.0651
23.0654
23.0657
23.066
23.0663
23.0666
23.0668
23.0671
23.0674
23.0677
23.0679
23.0682
23.0684
23.0687
23.0689
23.0692
23.0694
23.0697
23.0699
23.0701
23.0703
23.0706
23.0708
23.071
23.0712
23.0714
23.0716
23.0718
23.072
23.0722
23.0724
23.0725
23.0727
23.0729
23.073
23.0732
23.0734
23.0735
23.0737
23.0738
23.074
23.0741
23.0742
23.0744
23.0745
23.0746
23.0747
23.0749
23.075
23.0751
23.0752
23.0753
23.0754
23.0755
23.0756
23.0756
23.0757
23.0758
23.0759
23.0759
23.076
23.0761
23.0761
23.0762
23.0762
23.0763
23.0763
23.0763
23.0764
23.0764
23.0764
23.0764
23.0765
23.0765
23.0765
23.0765
23.0765
23.0765
23.0765
23.0765
23.0764
23.0764
23.0764
23.0764
23.0763
23.0763
23.0763
23.0762
23.0762
23.0761
23.0761
23.076
23.0759
23.0759
23.0758
23.0757
23.0756
23.0756
23.0755
23.0754
23.0753
23.0752
23.0751
23.075
23.0749
23.0748
23.0746
23.0745
23.0744
23.0742
23.0741
23.074
23.0738
23.0737
23.0735
23.0734
23.0732
23.0731
23.0729
23.0727
23.0725
23.0724
23.0722
23.072
23.0718
23.0716
23.0714
23.0712
23.071
23.0708
23.0706
23.0703
23.0701
23.0699
23.0697
23.0694
23.0692
23.0689
23.0687
23.0684
23.0682
23.0679
23.0677
23.0674
23.0671
23.0669
23.0666
23.0663
23.066
23.0657
23.0654
23.0651
23.0648
23.0645
23.0642
23.0639
23.0636
23.0632
23.0629
23.0626
23.0622
23.0619
23.0616
23.0612
23.0609
23.0605
23.0601
23.0598
23.0594
23.059
23.0587
23.0583
23.0579
23.0575
23.0571
23.0567
23.0563
23.0559
23.0555
23.0551
23.0547
23.0543
23.0539
23.0534
23.053
23.0526
23.0521
23.0517
23.0512
23.0508
23.0503
23.0499
23.0494
23.049
23.0485
23.048
23.0475
23.047
23.0466
23.0461
23.0456
23.0451
23.0446
23.0441
23.0436
23.043
23.0425
23.042
23.0415
23.0409
23.0404
23.0399
23.0393
23.0388
23.0382
23.0377
23.0371
23.0366
23.036
23.0354
23.0349
23.0343
23.0337
23.0331
23.0325
23.0319
23.0313
23.0307
23.0301
23.0295
23.0289
23.0283
23.0277
23.027
23.0264
23.0258
23.0251
23.0245
23.0238
23.0232
23.0225
23.0219
23.0212
23.0206
23.0199
23.0192
23.0185
23.0179
23.0172
23.0165
23.0158
23.0151
23.0144
23.0137
23.013
23.0123
23.0116
23.0108
23.0101
23.0094
23.0087
23.0079
23.0072
23.0064
23.0057
23.0049
23.0042
23.0034
23.0026
23.0019
23.0011
23.0003
22.9996
22.9988
22.998
22.9972
22.9964
22.9956
22.9948
22.994
22.9932
22.9924
22.9915
22.9907
22.9899
22.9891
22.9882
22.9874
22.9865
22.9857
22.9848
22.984
22.9831
22.9823
22.9814
22.9805
22.9797
22.9788
22.9779
22.977
22.9761
22.9752
22.9743
22.9734
22.9725
22.9716
22.9707
22.9698
22.9689
22.9679
22.967
22.9661
22.9651
22.9642
22.9632
22.9623
22.9613
22.9604
22.9594
22.9585
22.9575
22.9565
22.9555
22.9546
22.9536
22.9526
22.9516
22.9506
22.9496
22.9486
22.9476
22.9466
22.9455
22.9445
22.9435
22.9425
22.9414
22.9404
22.9394
22.9383
22.9373
22.9362
22.9352
22.9341
22.933
22.932
22.9309
22.9298
22.9288
22.9277
22.9266
22.9255
22.9244
22.9233
22.9222
22.9211
22.92
22.9189
22.9178
22.9166
22.9155
22.9144
22.9132
22.9121
22.911
22.9098
22.9087
22.9075
22.9064
22.9052
22.904
22.9029
22.9017
22.9005
22.8993
22.8981
22.897
22.8958
22.8946
22.8934
22.8922
22.891
22.8897
22.8885
22.8873
22.8861
22.8849
22.8836
22.8824
22.8812
22.8799
22.8787
22.8774
22.8762
22.8749
22.8736
22.8724
22.8711
22.8698
22.8686
22.8673
22.866
22.8647
22.8634
22.8621
22.8608
22.8595
22.8582
22.8569
22.8556
22.8542
22.8529
22.8516
22.8503
22.8489
22.8476
22.8462
22.8449
22.8435
22.8422
22.8408
22.8395
22.8381
22.8367
22.8353
22.834
22.8326
22.8312
22.8298
22.8284
22.827
22.8256
22.8242
22.8228
22.8214
22.82
22.8185
22.8171
22.8157
22.8143
22.8128
22.8114
22.8099
22.8085
22.807
22.8056
22.8041
22.8027
22.8012
22.7997
22.7982
22.7968
22.7953
22.7938
22.7923
22.7908
22.7893
22.7878
22.7863
22.7848
22.7833
22.7818
22.7802
22.7787
22.7772
22.7757
22.7741
22.7726
22.771
22.7695
22.7679
22.7664
22.7648
22.7633
22.7617
22.7601
22.7585
22.757
22.7554
22.7538
22.7522
22.7506
22.749
22.7474
22.7458
22.7442
22.7426
22.741
22.7393
22.7377
22.7361
22.7345
22.7328
22.7312
22.7295
22.7279
22.7262
22.7246
22.7229
22.7213
22.7196
22.7179
22.7163
22.7146
22.7129
22.7112
22.7095
22.7078
22.7061
22.7044
22.7027
22.701
22.6993
22.6976
22.6959
22.6941
22.6924
22.6907
22.6889
22.6872
22.6855
22.6837
22.682
22.6802
22.6785
22.6767
22.6749
22.6732
22.6714
22.6696
22.6678
22.666
22.6643
22.6625
22.6607
22.6589
22.6571
22.6553
22.6534
22.6516
22.6498
22.648
22.6462
22.6443
22.6425
22.6407
22.6388
22.637
22.6351
22.6333
22.6314
22.6296
22.6277
22.6258
22.624
22.6221
22.6202
22.6183
22.6164
22.6146
22.6127
22.6108
22.6089
22.607
22.605
22.6031
22.6012
22.5993
22.5974
22.5955
22.5935
22.5916
22.5896
22.5877
22.5858
22.5838
22.5819
22.5799
22.5779
22.576
22.574
22.572
22.5701
22.5681
22.5661
22.5641
22.5621
22.5601
22.5581
22.5561
22.5541
22.5521
22.5501
22.5481
22.5461
22.544
22.542
22.54
22.5379
22.5359
22.5339
22.5318
22.5298
22.5277
22.5256
22.5236
22.5215
22.5194
22.5174
22.5153
22.5132
22.5111
22.509
22.507
22.5049
22.5028
22.5007
22.4986
22.4964
22.4943
22.4922
22.4901
22.488
22.4858
22.4837
22.4816
22.4794
22.4773
22.4751
22.473
22.4708
22.4687
22.4665
22.4644
22.4622
22.46
22.4578
22.4557
22.4535
22.4513
22.4491
22.4469
22.4447
22.4425
22.4403
22.4381
22.4359
22.4337
22.4314
22.4292
22.427
22.4248
22.4225
22.4203
22.4181
22.4158
22.4136
22.4113
22.409
22.4068
22.4045
22.4023
22.4
22.3977
22.3954
22.3932
22.3909
22.3886
22.3863
22.384
22.3817
22.3794
22.3771
22.3748
22.3724
22.3701
22.3678
22.3655
22.3632
22.3608
22.3585
22.3561
22.3538
22.3515
22.3491
22.3467
22.3444
22.342
22.3397
22.3373
22.3349
22.3325
22.3302
22.3278
22.3254
22.323
22.3206
22.3182
22.3158
22.3134
22.311
22.3086
22.3062
22.3037
22.3013
22.2989
22.2965
22.294
22.2916
22.2892
22.2867
22.2843
22.2818
22.2794
22.2769
22.2744
22.272
22.2695
22.267
22.2646
22.2621
22.2596
22.2571
22.2546
22.2521
22.2496
22.2471
22.2446
22.2421
22.2396
22.2371
22.2346
22.232
22.2295
22.227
22.2244
22.2219
22.2194
22.2168
22.2143
22.2117
22.2092
22.2066
22.204
22.2015
22.1989
22.1963
22.1938
22.1912
22.1886
22.186
22.1834
22.1808
22.1782
22.1756
22.173
22.1704
22.1678
22.1652
22.1626
22.1599
22.1573
22.1547
22.1521
22.1494
22.1468
22.1441
22.1415
22.1388
22.1362
22.1335
22.1309
22.1282
22.1255
22.1229
22.1202
22.1175
22.1148
22.1121
22.1094
22.1068
22.1041
22.1014
22.0987
22.096
22.0932
22.0905
22.0878
22.0851
22.0824
22.0796
22.0769
22.0742
22.0714
22.0687
22.0659
22.0632
22.0605
22.0577
22.0549
22.0522
22.0494
22.0466
22.0439
22.0411
22.0383
22.0355
22.0327
22.03
22.0272
22.0244
22.0216
22.0188
22.016
22.0131
22.0103
22.0075
22.0047
22.0019
21.999
21.9962
21.9934
21.9905
21.9877
21.9848
21.982
21.9791
21.9763
21.9734
21.9706
21.9677
21.9648
21.962
21.9591
21.9562
21.9533
21.9504
21.9476
21.9447
21.9418
21.9389
21.936
21.9331
21.9301
21.9272
21.9243
21.9214
21.9185
21.9155
21.9126
21.9097
21.9067
21.9038
21.9009
21.8979
21.895
21.892
21.8891
21.8861
21.8831
21.8802
21.8772
21.8742
21.8712
21.8683
21.8653
21.8623
21.8593
21.8563
21.8533
21.8503
21.8473
21.8443
21.8413
21.8383
21.8352
21.8322
21.8292
21.8262
21.8231
21.8201
21.8171
21.814
21.811
21.8079
21.8049
21.8018
21.7988
21.7957
21.7926
21.7896
21.7865
21.7834
21.7804
21.7773
21.7742
21.7711
21.768
21.7649
21.7618
21.7587
21.7556
21.7525
21.7494
21.7463
21.7432
21.74
21.7369
21.7338
21.7307
21.7275
21.7244
21.7212
21.7181
21.715
21.7118
21.7086
21.7055
21.7023
21.6992
21.696
21.6928
21.6897
21.6865
21.6833
21.6801
21.6769
21.6737
21.6705
21.6673
21.6641
21.6609
21.6577
21.6545
21.6513
21.6481
21.6449
21.6417
21.6384
21.6352
21.632
21.6287
21.6255
21.6222
21.619
21.6158
21.6125
21.6092
21.606
21.6027
21.5995
21.5962
21.5929
21.5896
21.5864
21.5831
21.5798
21.5765
21.5732
21.5699
21.5666
21.5633
21.56
21.5567
21.5534
21.5501
21.5468
21.5435
21.5401
21.5368
21.5335
21.5302
21.5268
21.5235
21.5201
21.5168
21.5134
21.5101
21.5067
21.5034
21.5
21.4967
21.4933
21.4899
21.4865
21.4832
21.4798
21.4764
21.473
21.4696
21.4662
21.4628
21.4594
21.456
21.4526
21.4492
21.4458
21.4424
21.439
21.4356
21.4321
21.4287
21.4253
21.4218
21.4184
21.415
21.4115
21.4081
21.4046
21.4012
21.3977
21.3943
21.3908
21.3873
21.3839
21.3804
21.3769
21.3734
21.37
21.3665
21.363
21.3595
21.356
21.3525
21.349
21.3455
21.342
21.3385
21.335
21.3315
21.3279
21.3244
21.3209
21.3174
21.3138
21.3103
21.3068
21.3032
21.2997
21.2961
21.2926
21.289
21.2855
21.2819
21.2784
21.2748
21.2712
21.2677
21.2641
21.2605
21.2569
21.2533
21.2498
21.2462
21.2426
21.239
21.2354
21.2318
21.2282
21.2246
21.221
21.2174
21.2137
21.2101
21.2065
21.2029
21.1992
21.1956
21.192
21.1883
21.1847
21.1811
21.1774
21.1738
21.1701
21.1665
21.1628
21.1591
21.1555
21.1518
21.1481
21.1445
21.1408
21.1371
21.1334
21.1297
21.126
21.1224
21.1187
21.115
21.1113
21.1076
21.1039
21.1001
21.0964
21.0927
21.089
21.0853
21.0816
21.0778
21.0741
21.0704
21.0666
21.0629
21.0591
21.0554
21.0517
21.0479
21.0441
21.0404
21.0366
21.0329
21.0291
21.0253
21.0216
21.0178
21.014
21.0102
21.0065
21.0027
20.9989
20.9951
20.9913
20.9875
20.9837
20.9799
20.9761
20.9723
20.9685
20.9646
20.9608
20.957
20.9532
20.9494
20.9455
20.9417
20.9379
20.934
20.9302
20.9263
20.9225
20.9186
20.9148
20.9109
20.9071
20.9032
20.8993
20.8955
20.8916
20.8877
20.8839
20.88
20.8761
20.8722
20.8683
20.8644
20.8605
20.8566
20.8527
20.8488
20.8449
20.841
20.8371
20.8332
20.8293
20.8254
20.8215
20.8175
20.8136
20.8097
20.8057
20.8018
20.7979
20.7939
20.79
20.786
20.7821
20.7781
20.7742
20.7702
20.7663
20.7623
20.7583
20.7544
20.7504
20.7464
20.7424
20.7385
20.7345
20.7305
20.7265
20.7225
20.7185
20.7145
20.7105
20.7065
20.7025
20.6985
20.6945
20.6905
20.6865
20.6824
20.6784
20.6744
20.6704
20.6663
20.6623
20.6583
20.6542
20.6502
20.6461
20.6421
20.638
20.634
20.6299
20.6259
20.6218
20.6178
20.6137
20.6096
20.6055
20.6015
20.5974
20.5933
20.5892
20.5852
20.5811
20.577
20.5729
20.5688
20.5647
20.5606
20.5565
20.5524
20.5483
20.5442
20.54
20.5359
20.5318
20.5277
20.5236
20.5194
20.5153
20.5112
20.507
20.5029
20.4987
20.4946
20.4905
20.4863
20.4822
20.478
20.4738
20.4697
20.4655
20.4614
20.4572
20.453
20.4488
20.4447
20.4405
20.4363
20.4321
20.4279
20.4237
20.4196
20.4154
20.4112
20.407
20.4028
20.3986
20.3943
20.3901
20.3859
20.3817
20.3775
20.3733
20.369
20.3648
20.3606
20.3564
20.3521
20.3479
20.3437
20.3394
20.3352
20.3309
20.3267
20.3224
20.3182
20.3139
20.3097
20.3054
20.3011
20.2969
20.2926
20.2883
20.284
20.2798
20.2755
20.2712
20.2669
20.2626
20.2583
20.254
20.2498
20.2455
20.2412
20.2369
20.2325
20.2282
20.2239
20.2196
20.2153
20.211
20.2067
20.2023
20.198
20.1937
20.1894
20.185
20.1807
20.1764
20.172
20.1677
20.1633
20.159
20.1546
20.1503
20.1459
20.1416
20.1372
20.1328
20.1285
20.1241
20.1197
20.1154
20.111
20.1066
20.1022
20.0978
20.0935
20.0891
20.0847
20.0803
20.0759
20.0715
20.0671
20.0627
20.0583
20.0539
20.0495
20.0451
20.0406
20.0362
20.0318
20.0274
20.023
20.0185
20.0141
20.0097
20.0052
20.0008
19.9964
19.9919
19.9875
19.983
19.9786
19.9741
19.9697
19.9652
19.9608
19.9563
19.9519
19.9474
19.9429
19.9385
19.934
19.9295
19.925
19.9206
19.9161
19.9116
19.9071
19.9026
19.8981
19.8936
19.8891
19.8846
19.8801
19.8756
19.8711
19.8666
19.8621
19.8576
19.8531
19.8486
19.844
19.8395
19.835
19.8305
19.8259
19.8214
19.8169
19.8123
19.8078
19.8033
19.7987
19.7942
19.7896
19.7851
19.7805
19.776
19.7714
19.7669
19.7623
19.7577
19.7532
19.7486
19.744
19.7395
19.7349
19.7303
19.7257
19.7212
19.7166
19.712
19.7074
19.7028
19.6982
19.6936
19.689
19.6844
19.6798
19.6752
19.6706
19.666
19.6614
19.6568
19.6522
19.6476
19.6429
19.6383
19.6337
19.6291
19.6244
19.6198
19.6152
19.6105
19.6059
19.6013
19.5966
19.592
19.5873
19.5827
19.578
19.5734
19.5687
19.5641
19.5594
19.5547
19.5501
19.5454
19.5407
19.5361
19.5314
19.5267
19.5221
19.5174
19.5127
19.508
19.5033
19.4986
19.4939
19.4893
19.4846
19.4799
19.4752
19.4705
19.4658
19.4611
19.4564
19.4516
19.4469
19.4422
19.4375
19.4328
19.4281
19.4234
19.4186
19.4139
19.4092
19.4044
19.3997
19.395
19.3902
19.3855
19.3808
19.376
19.3713
19.3665
19.3618
19.357
19.3523
19.3475
19.3428
19.338
19.3332
19.3285
19.3237
19.319
19.3142
19.3094
19.3046
19.2999
19.2951
19.2903
19.2855
19.2807
19.276
19.2712
19.2664
19.2616
19.2568
19.252
19.2472
19.2424
19.2376
19.2328
19.228
19.2232
19.2184
19.2136
19.2087
19.2039
19.1991
19.1943
19.1895
19.1846
19.1798
19.175
19.1702
19.1653
19.1605
19.1557
19.1508
19.146
19.1411
19.1363
19.1314
19.1266
19.1217
19.1169
19.112
19.1072
19.1023
19.0975
19.0926
19.0877
19.0829
19.078
19.0731
19.0683
19.0634
19.0585
19.0536
19.0488
19.0439
19.039
19.0341
19.0292
19.0243
19.0195
19.0146
19.0097
19.0048
18.9999
18.995
18.9901
18.9852
18.9803
18.9754
18.9704
18.9655
18.9606
18.9557
18.9508
18.9459
18.941
18.936
18.9311
18.9262
18.9213
18.9163
18.9114
18.9065
18.9015
18.8966
18.8916
18.8867
18.8818
18.8768
18.8719
18.8669
18.862
18.857
18.8521
18.8471
18.8422
18.8372
18.8322
18.8273
18.8223
18.8173
18.8124
18.8074
18.8024
18.7975
18.7925
18.7875
18.7825
18.7775
18.7726
18.7676
18.7626
18.7576
18.7526
18.7476
18.7426
18.7376
18.7326
18.7276
18.7226
18.7176
18.7126
18.7076
18.7026
18.6976
18.6926
18.6876
18.6826
18.6776
18.6725
18.6675
18.6625
18.6575
18.6525
18.6474
18.6424
18.6374
18.6323
18.6273
18.6223
18.6172
18.6122
18.6072
18.6021
18.5971
18.592
18.587
18.5819
18.5769
18.5718
18.5668
18.5617
18.5567
18.5516
18.5466
18.5415
18.5364
18.5314
18.5263
18.5212
18.5162
18.5111
18.506
18.5009
18.4959
18.4908
18.4857
18.4806
18.4755
18.4705
18.4654
18.4603
18.4552
18.4501
18.445
18.4399
18.4348
18.4297
18.4246
18.4195
18.4144
18.4093
18.4042
18.3991
18.394
18.3889
18.3838
18.3787
18.3735
18.3684
18.3633
18.3582
18.3531
18.348
18.3428
18.3377
18.3326
18.3274
18.3223
18.3172
18.312
18.3069
18.3018
18.2966
18.2915
18.2864
18.2812
18.2761
18.2709
18.2658
18.2606
18.2555
18.2503
18.2452
18.24
18.2349
18.2297
18.2245
18.2194
18.2142
18.2091
18.2039
18.1987
18.1936
18.1884
18.1832
18.178
18.1729
18.1677
18.1625
18.1573
18.1522
18.147
18.1418
18.1366
18.1314
18.1262
18.121
18.1159
18.1107
18.1055
18.1003
18.0951
18.0899
18.0847
18.0795
18.0743
18.0691
18.0639
18.0587
18.0535
18.0483
18.043
18.0378
18.0326
18.0274
18.0222
18.017
18.0117
18.0065
18.0013
17.9961
17.9909
17.9856
17.9804
17.9752
17.97
17.9647
17.9595
17.9543
17.949
17.9438
17.9385
17.9333
17.9281
17.9228
17.9176
17.9123
17.9071
17.9018
17.8966
17.8913
17.8861
17.8808
17.8756
17.8703
17.8651
17.8598
17.8546
17.8493
17.844
17.8388
17.8335
17.8282
17.823
17.8177
17.8124
17.8072
17.8019
17.7966
17.7914
17.7861
17.7808
17.7755
17.7702
17.765
17.7597
17.7544
17.7491
17.7438
17.7385
17.7332
17.728
17.7227
17.7174
17.7121
17.7068
17.7015
17.6962
17.6909
17.6856
17.6803
17.675
17.6697
17.6644
17.6591
17.6538
17.6485
17.6432
17.6378
17.6325
17.6272
17.6219
17.6166
17.6113
17.606
17.6006
17.5953
17.59
17.5847
17.5794
17.574
17.5687
17.5634
17.5581
17.5527
17.5474
17.5421
17.5367
17.5314
17.5261
17.5207
17.5154
17.51
17.5047
17.4994
17.494
17.4887
17.4833
17.478
17.4726
17.4673
17.462
17.4566
17.4513
17.4459
17.4405
17.4352
17.4298
17.4245
17.4191
17.4138
17.4084
17.4031
17.3977
17.3923
17.387
17.3816
17.3762
17.3709
17.3655
17.3601
17.3548
17.3494
17.344
17.3386
17.3333
17.3279
17.3225
17.3171
17.3118
17.3064
17.301
17.2956
17.2902
17.2849
17.2795
17.2741
17.2687
17.2633
17.2579
17.2525
17.2471
17.2418
17.2364
17.231
17.2256
17.2202
17.2148
17.2094
17.204
17.1986
17.1932
17.1878
17.1824
17.177
17.1716
17.1662
17.1608
17.1554
17.15
17.1445
17.1391
17.1337
17.1283
17.1229
17.1175
17.1121
17.1067
17.1012
17.0958
17.0904
17.085
17.0796
17.0742
17.0687
17.0633
17.0579
17.0525
17.047
17.0416
17.0362
17.0308
17.0253
17.0199
17.0145
17.009
17.0036
16.9982
16.9927
16.9873
16.9819
16.9764
16.971
16.9656
16.9601
16.9547
16.9492
16.9438
16.9383
16.9329
16.9275
16.922
16.9166
16.9111
16.9057
16.9002
16.8948
16.8893
16.8839
16.8784
16.873
16.8675
16.8621
16.8566
16.8512
16.8457
16.8402
16.8348
16.8293
16.8239
16.8184
16.8129
16.8075
16.802
16.7966
16.7911
16.7856
16.7802
16.7747
16.7692
16.7638
16.7583
16.7528
16.7474
16.7419
16.7364
16.7309
16.7255
16.72
16.7145
16.709
16.7036
16.6981
16.6926
16.6871
16.6817
16.6762
16.6707
16.6652
16.6597
16.6543
16.6488
16.6433
16.6378
16.6323
16.6268
16.6214
16.6159
16.6104
16.6049
16.5994
16.5939
16.5884
16.5829
16.5774
16.5719
16.5665
16.561
16.5555
16.55
16.5445
16.539
16.5335
16.528
16.5225
16.517
16.5115
16.506
16.5005
16.495
16.4895
16.484
16.4785
16.473
16.4675
16.462
16.4565
16.451
16.4455
16.4399
16.4344
16.4289
16.4234
16.4179
16.4124
16.4069
16.4014
16.3959
16.3904
16.3848
16.3793
16.3738
16.3683
16.3628
16.3573
16.3518
16.3462
16.3407
16.3352
16.3297
16.3242
16.3187
16.3131
16.3076
16.3021
16.2966
16.2911
16.2855
16.28
16.2745
16.269
16.2634
16.2579
16.2524
16.2469
16.2413
16.2358
16.2303
16.2248
16.2192
16.2137
16.2082
16.2026
16.1971
16.1916
16.1861
16.1805
16.175
16.1695
16.1639
16.1584
16.1529
16.1473
16.1418
16.1363
16.1307
16.1252
16.1197
16.1141
16.1086
16.103
16.0975
16.092
16.0864
16.0809
16.0754
16.0698
16.0643
16.0587
16.0532
16.0477
16.0421
16.0366
16.031
16.0255
16.0199
16.0144
16.0089
16.0033
15.9978
15.9922
15.9867
15.9811
15.9756
15.97
15.9645
15.959
15.9534
15.9479
15.9423
15.9368
15.9312
15.9257
15.9201
15.9146
15.909
15.9035
15.8979
15.8924
15.8868
15.8813
15.8757
15.8702
15.8646
15.8591
15.8535
15.848
15.8424
15.8369
15.8313
15.8257
15.8202
15.8146
15.8091
15.8035
15.798
15.7924
15.7869
15.7813
15.7758
15.7702
15.7646
15.7591
15.7535
15.748
15.7424
15.7369
15.7313
15.7257
15.7202
15.7146
15.7091
15.7035
15.6979
15.6924
15.6868
15.6813
15.6757
15.6701
15.6646
15.659
15.6535
15.6479
15.6423
15.6368
15.6312
15.6257
15.6201
15.6145
15.609
15.6034
15.5979
15.5923
15.5867
15.5812
15.5756
15.57
15.5645
15.5589
15.5534
15.5478
15.5422
15.5367
15.5311
15.5255
15.52
15.5144
15.5088
15.5033
15.4977
15.4922
15.4866
15.481
15.4755
15.4699
15.4643
15.4588
15.4532
15.4476
15.4421
15.4365
15.4309
15.4254
15.4198
15.4142
15.4087
15.4031
15.3975
15.392
15.3864
15.3809
15.3753
15.3697
15.3642
15.3586
15.353
15.3475
15.3419
15.3363
15.3308
15.3252
15.3196
15.3141
15.3085
15.3029
15.2974
15.2918
15.2862
15.2807
15.2751
15.2695
15.264
15.2584
15.2528
15.2473
15.2417
15.2361
15.2306
15.225
15.2195
15.2139
15.2083
15.2028
15.1972
15.1916
15.1861
15.1805
15.1749
15.1694
15.1638
15.1582
15.1527
15.1471
15.1415
15.136
15.1304
15.1248
15.1193
15.1137
15.1082
15.1026
15.097
15.0915
15.0859
15.0803
15.0748
15.0692
15.0637
15.0581
15.0525
15.047
15.0414
15.0358
15.0303
15.0247
15.0192
15.0136
15.008
15.0025
14.9969
14.9913
14.9858
14.9802
14.9747
14.9691
14.9635
14.958
14.9524
14.9469
14.9413
14.9357
14.9302
14.9246
14.9191
14.9135
14.908
14.9024
14.8968
14.8913
14.8857
14.8802
14.8746
14.8691
14.8635
14.8579
14.8524
14.8468
14.8413
14.8357
14.8302
14.8246
14.8191
14.8135
14.8079
14.8024
14.7968
14.7913
14.7857
14.7802
14.7746
14.7691
14.7635
14.758
14.7524
14.7469
14.7413
14.7358
14.7302
14.7247
14.7191
14.7136
14.708
14.7025
14.6969
14.6914
14.6858
14.6803
14.6747
14.6692
14.6636
14.6581
14.6526
14.647
14.6415
14.6359
14.6304
14.6248
14.6193
14.6137
14.6082
14.6027
14.5971
14.5916
14.586
14.5805
14.575
14.5694
14.5639
14.5583
14.5528
14.5473
14.5417
14.5362
14.5306
14.5251
14.5196
14.514
14.5085
14.503
14.4974
14.4919
14.4864
14.4808
14.4753
14.4698
14.4642
14.4587
14.4532
14.4476
14.4421
14.4366
14.431
14.4255
14.42
14.4145
14.4089
14.4034
14.3979
14.3924
14.3868
14.3813
14.3758
14.3703
14.3647
14.3592
14.3537
14.3482
14.3426
14.3371
14.3316
14.3261
14.3206
14.315
14.3095
14.304
14.2985
14.293
14.2874
14.2819
14.2764
14.2709
14.2654
14.2599
14.2544
14.2488
14.2433
14.2378
14.2323
14.2268
14.2213
14.2158
14.2103
14.2048
14.1993
14.1937
14.1882
14.1827
14.1772
14.1717
14.1662
14.1607
14.1552
14.1497
14.1442
14.1387
14.1332
14.1277
14.1222
14.1167
14.1112
14.1057
14.1002
14.0947
14.0892
14.0837
14.0782
14.0727
14.0672
14.0617
14.0563
14.0508
14.0453
14.0398
14.0343
14.0288
14.0233
14.0178
14.0123
14.0069
14.0014
13.9959
13.9904
13.9849
13.9794
13.974
13.9685
13.963
13.9575
13.952
13.9466
13.9411
13.9356
13.9301
13.9246
13.9192
13.9137
13.9082
13.9027
13.8973
13.8918
13.8863
13.8809
13.8754
13.8699
13.8645
13.859
13.8535
13.8481
13.8426
13.8371
13.8317
13.8262
13.8207
13.8153
13.8098
13.8044
13.7989
13.7934
13.788
13.7825
13.7771
13.7716
13.7662
13.7607
13.7553
13.7498
13.7444
13.7389
13.7335
13.728
13.7226
13.7171
13.7117
13.7062
13.7008
13.6953
13.6899
13.6845
13.679
13.6736
13.6681
13.6627
13.6573
13.6518
13.6464
13.641
13.6355
13.6301
13.6247
13.6192
13.6138
13.6084
13.6029
13.5975
13.5921
13.5867
13.5812
13.5758
13.5704
13.565
13.5595
13.5541
13.5487
13.5433
13.5379
13.5324
13.527
13.5216
13.5162
13.5108
13.5054
13.5
13.4946
13.4891
13.4837
13.4783
13.4729
13.4675
13.4621
13.4567
13.4513
13.4459
13.4405
13.4351
13.4297
13.4243
13.4189
13.4135
13.4081
13.4027
13.3973
13.3919
13.3865
13.3812
13.3758
13.3704
13.365
13.3596
13.3542
13.3488
13.3434
13.3381
13.3327
13.3273
13.3219
13.3165
13.3112
13.3058
13.3004
13.295
13.2897
13.2843
13.2789
13.2736
13.2682
13.2628
13.2575
13.2521
13.2467
13.2414
13.236
13.2306
13.2253
13.2199
13.2146
13.2092
13.2038
13.1985
13.1931
13.1878
13.1824
13.1771
13.1717
13.1664
13.161
13.1557
13.1503
13.145
13.1397
13.1343
13.129
13.1236
13.1183
13.113
13.1076
13.1023
13.097
13.0916
13.0863
13.081
13.0756
13.0703
13.065
13.0597
13.0543
13.049
13.0437
13.0384
13.033
13.0277
13.0224
13.0171
13.0118
13.0065
13.0012
12.9958
12.9905
12.9852
12.9799
12.9746
12.9693
12.964
12.9587
12.9534
12.9481
12.9428
12.9375
12.9322
12.9269
12.9216
12.9163
12.911
12.9057
12.9004
12.8952
12.8899
12.8846
12.8793
12.874
12.8687
12.8634
12.8582
12.8529
12.8476
12.8423
12.8371
12.8318
12.8265
12.8212
12.816
12.8107
12.8054
12.8002
12.7949
12.7896
12.7844
12.7791
12.7739
12.7686
12.7634
12.7581
12.7528
12.7476
12.7423
12.7371
12.7318
12.7266
12.7213
12.7161
12.7109
12.7056
12.7004
12.6951
12.6899
12.6847
12.6794
12.6742
12.669
12.6637
12.6585
12.6533
12.648
12.6428
12.6376
12.6324
12.6272
12.6219
12.6167
12.6115
12.6063
12.6011
12.5959
12.5906
12.5854
12.5802
12.575
12.5698
12.5646
12.5594
12.5542
12.549
12.5438
12.5386
12.5334
12.5282
12.523
12.5178
12.5126
12.5075
12.5023
12.4971
12.4919
12.4867
12.4815
12.4763
12.4712
12.466
12.4608
12.4556
12.4505
12.4453
12.4401
12.435
12.4298
12.4246
12.4195
12.4143
12.4091
12.404
12.3988
12.3937
12.3885
12.3834
12.3782
12.3731
12.3679
12.3628
12.3576
12.3525
12.3473
12.3422
12.337
12.3319
12.3268
12.3216
12.3165
12.3114
12.3062
12.3011
12.296
12.2909
12.2857
12.2806
12.2755
12.2704
12.2652
12.2601
12.255
12.2499
12.2448
12.2397
12.2346
12.2295
12.2244
12.2193
12.2142
12.2091
12.204
12.1989
12.1938
12.1887
12.1836
12.1785
12.1734
12.1683
12.1632
12.1581
12.1531
12.148
12.1429
12.1378
12.1327
12.1277
12.1226
12.1175
12.1124
12.1074
12.1023