5565.95
5600.00
5600.00
5600.00
5600.00
5600.00
5700.00
5700.00
5700.00
5589.55
5549.75
3351.55
5460.10
5634.85
3855.15
4379.00
3028.90
4219.65
871.10
1332.20
427.50
4948.60
5493.60
4598.55
5600.00
5563.45
5461.40
4301.15
4970.95
4707.20
4624.95
5453.45
5361.25
3293.40
2622.30
2283.85
2493.35
2904.50
2413.95
2589.70
3601.45
3828.15
3604.35
2714.45
3701.85
5700.00
5518.95
5600.00
5223.60
5600.00
5600.00
5600.00
2750.00
2850.00
5700.00
5700.00
5700.00
5700.00
5700.00
5700.00
5700.00
0.00
2850.00
2850.00
5700.00
5700.00
5700.00
5700.00
5675.85
5700.00
5526.50
5600.00
5600.00
5125.45
5552.45
5522.15
5587.90
5141.15
5167.90
4248.45
4070.75
2790.10
2392.65
2119.60
2909.20
2904.75
714.55
3795.40
5590.55
5697.30
5669.90
5609.50
5697.70
5700.00
5600.00
5600.00
5600.00
5600.00
5600.00
5564.55
5363.25
5000.65
5530.80
4635.30
5490.55
5700.00
5695.75
3461.35
5218.10
3835.05
3520.15
3023.40
4340.35
4980.45
2187.75
5581.70
4016.55
557.60
2629.60
3680.75
2962.25
1072.80
2101.15
3155.50
1899.35
929.25
641.55
0.00
473.35
38.25
72.60
0.00
53.30
0.00
194.40
365.85
1059.50
267.60
499.20
913.95
847.10
2516.40
1771.25
1316.70
2008.50
1598.05
2217.65
2070.45
2544.00
3266.60
1897.10
2613.75
1453.70
2102.30
3385.40
3410.85
3509.60
1974.65
1991.55
2901.40
3214.35
3294.85
4242.30
3166.90
4027.20
2576.15
2223.20
1918.85
1928.65
1764.40
1315.30
1794.25
1617.45
1600.55
1313.35
1281.95
622.15
1798.80
547.05
1200.90
1166.30
1140.45
1949.40
2162.00
1838.35
2146.05
3479.65
2871.05
1913.10
2748.80
4707.80
1884.60
4338.20
2103.40
4260.00
1129.15
3992.20
2781.35
4291.00
2326.95
2076.40
1012.65
1726.55
1763.85
3045.65
2659.45
1653.05
1282.60
2384.30
275.60
3158.40
3814.70
1338.35
3118.35
3022.80
619.00
811.75
1948.55
2777.50
1496.55
2171.80
3086.90
3451.80
3629.70
2883.90
4690.55
4309.60
1048.95
2655.30
774.95
3191.35
666.40
1202.55
986.00
536.95
982.50
881.85
577.95
153.90
331.70
22.40
508.85
356.45
1056.15
463.55
591.95
0.00
0.00
90.00
223.75
0.00
0.00
0.00
14.75
15.65
81.65
191.10
146.65
146.60
311.75
333.65
181.95
209.25
256.90
0.00
86.65
0.00
0.00
201.10
0.00
0.00
46.10
0.00
70.55
76.50
0.00
101.75
29.60
156.30
0.00
0.00
0.00
0.00
0.00
170.20
107.15
0.00
240.60
367.95
327.75
1202.60
929.55
1446.85
2194.35
816.15
2706.40
2520.70
1517.70
2598.90
1310.40
1683.00
783.70
1055.85
2248.20
713.65
2184.85
2878.70
1517.90
2754.80
3864.10
3248.65
2227.40
3411.30
2215.10
1591.45
1941.90
4556.55
1661.50
4612.65
4508.60
4382.45
4028.20
3790.85
3523.40
1554.45
4114.95
977.05
1801.85
956.25
3325.35
5476.35
5279.45
5697.95
4948.95
5351.45
5494.50
3999.90
1437.50
3549.15
4002.15
5150.60
5510.40
3275.65
3640.25
2008.75
2284.65
5409.80
4663.85
5339.40
5669.35
5667.15
5638.70
5697.00
5700.00
2850.00
2850.00
5700.00
5700.00
5600.00
5600.00
5046.80
4969.70
3509.50
5504.40
5600.00
5058.95
4604.45
3624.95
5668.25
5249.55
5700.00
5700.00
4901.95
5700.00
5290.95
5635.00
4867.50
4252.75
3203.45
5024.45
5609.40
3653.25
5600.00
5228.65
4615.05
5577.50
4628.55
5340.30
5145.60
5554.45
5698.90
5700.00
5700.00
5700.00
5678.50
5201.20
5482.35
4055.45
5698.20
4150.60
5674.20
5700.00
5700.00
5670.70
5505.40
5444.60
5418.80
5597.75
5213.40
4138.45
4113.55
5370.95
5593.00
5600.00
5700.00
0.00
2850.00
2850.00
0.00
2850.00
0.00
0.00
5618.55
5572.00
5389.20
4254.15
5289.35
3902.10
3371.75
4019.80
2638.70
2840.95
1983.90
3224.15
3021.70
2583.15
2284.55
4324.65
2082.55
3386.15
5439.70
2602.60
4243.05
4976.05
3798.70
3699.35
2718.80
1605.20
2275.45
2440.70
4236.70
4491.85
4966.05
5136.65
4230.80
3153.15
4255.80
2828.50
5076.95
3139.70
5054.70
2465.30
2282.30
2743.45
4389.65
4293.10
2855.65
1528.95
2071.90
2696.50
1415.65
1153.10
1404.70
1943.10
305.45
274.95
127.50
134.80
1384.65
2528.65
1509.50
2639.80
736.95
1221.85
3096.45
1361.15
2254.05
2744.45
1370.00
1846.60
1978.30
636.05
1089.80
283.30
326.00
324.05
336.80
1975.55
2717.70
1077.10
1318.05
4423.95
3810.10
2287.00
4943.30
5593.70
4494.25
5497.75
3453.45
4435.55
2616.95
3569.10
4064.40
3579.15
1978.10
894.55
717.80
638.05
212.15
237.65
1442.40
2782.00
2664.15
4241.75
4920.70
3607.60
1532.10
3330.20
3543.90
860.75
2686.20
1692.00
2439.55
3257.00
4648.85
2906.10
1718.45
4353.35
1885.25
3277.25
1727.40
2896.00
3870.60
5318.90
5691.50
5108.60
4160.65
5695.40
5700.00
5669.50
5598.75
5600.00
5600.00
5519.90
5581.10
5600.00
5529.30
5231.00
5700.00
5684.20
5558.50
5588.30
4305.70
5125.10
5700.00
5700.00
5697.80
5700.00
5700.00
5700.00
5700.00
5700.00
5635.60
5700.00
5600.00
2750.00
5600.00
5494.50
5516.10
3252.90
4463.05
2302.20
2503.00
3200.15
1337.60
2535.40
775.90
2793.10
2655.25
410.20
2183.90
3845.45
1692.25
681.35
1136.00
3495.65
1474.10
1570.95
856.35
2589.30
821.85
1079.95
1248.55
1176.85
2066.90
820.55
599.65
944.95
524.70
2449.75
522.60
863.45
629.95
3.80
0.05
78.60
320.40
0.00
149.10
0.00
0.00
136.10
111.05
142.00
107.05
79.80
44.40
0.00
20.30
10.70
631.25
247.05
401.25
1096.05
1102.70
62.50
53.10
1066.05
2744.80
726.60
2176.25
2235.30
2243.10
4715.95
3687.75
3503.30
5519.20
5324.55
5382.75
5532.00
5596.60
4288.90
5600.00
5588.80
5700.00
5616.25
5490.75
1937.45
2856.85
4988.95
4671.40
5038.15
5187.60
5247.60
5279.90
5137.80
5700.00
5696.55
5700.00
5677.10
5326.25
5575.80
5561.50
5141.00
5600.00
5494.70
5597.85
5600.00
5700.00
5700.00
5700.00
5677.40
5700.00
5700.00
5700.00
5417.85
5700.00
5700.00
4736.10
5549.15
5700.00
5561.00
5697.25
4836.75
1494.00
2834.45
1645.75
1547.20
1287.85
770.10
515.30
1095.10
756.40
2111.25
988.65
272.55
1436.85
272.35
266.00
86.15
480.45
585.70
463.70
240.20
94.25
0.00
3001.90
1853.45
3607.95
670.25
3456.35
4459.55
3893.95
4202.45
4508.40
5600.00
5688.00
5699.35
5700.00
5629.95
5700.00
5689.10
5700.00
5700.00
5480.75
5700.00
5700.00
5700.00
5175.30
5696.95
5184.45
5084.15
3598.40
5137.15
3956.40
5072.65
4676.10
5399.85
4196.60
4542.20
5578.25
3679.65
5609.05
3369.90
2685.95
4764.50
5175.55
4732.90
5138.20
4490.55
2592.20
1522.15
3353.15
3682.30
4050.25
5296.30
4507.35
3967.85
3964.15
5513.95
4717.15
5183.15
5209.10
5314.90
3841.30
5371.05
5679.65
4319.05
4831.20
3436.45
2181.55
2069.60
1238.05
462.70
3155.90
1848.75
1194.40
1244.70
1962.55
551.05
1085.50
461.35
2786.35
518.90
786.45
250.60
604.85
538.30
70.00
540.20
578.45
793.20
783.80
662.35
936.25
499.15
1020.80
198.50
224.15
1008.55
117.00
290.75
589.15
1042.80
226.95
172.80
626.40
741.75
513.60
2269.10
1495.65
1379.65
1094.85
1212.15
382.80
346.55
590.05
571.70
706.10
1798.35
1024.70
1695.60
1102.10
1425.95
2559.10
1213.05
1539.35
1276.75
2992.05
1316.25
1243.20
1482.75
1866.05
1080.05
1421.50
867.65
1640.15
858.25
55.05
986.40
1998.15
546.95
207.50
1396.95
1279.25
566.30
625.30
1299.60
1120.60
901.55
2001.00
1694.70
796.95
3217.95
1919.00
1157.35
879.90
1986.15
1282.15
739.40
857.65
1045.85
173.55
616.75
772.65
131.80
1531.75
21.90
53.95
282.20
287.60
430.40
555.05
1177.60
1166.25
1032.25
1408.10
687.00
848.35
1398.50
755.95
544.65
1318.25
714.55
263.90
342.30
350.40
405.00
365.60
1101.70
350.00
310.40
64.55
484.50
1647.55
857.60
2030.05
2984.50
2769.50
1142.10
427.20
492.20
581.40
0.00
168.40
96.95
0.00
84.85
0.00
19.10
4.65
0.00
141.20
0.00
0.00
59.40
0.00
0.00
105.05
0.00
0.00
37.70
196.55
922.15
2822.85
807.00
2128.55
2237.10
1075.35
1330.25
3066.90
845.50
4567.35
3224.20
3064.10
1637.80
825.15
1670.80
2137.90
1152.65
2801.00
3280.25
2419.65
3575.70
2671.70
4010.85
1828.15
948.25
2273.35
4159.65
2628.20
3809.30
1163.60
1987.55
2751.20
1037.75
1316.55
1232.10
1346.25
3468.15
1386.20
1845.20
1498.00
1323.65
1028.20
373.90
1565.40
2198.95
5517.50
4023.90
5297.35
5097.30
5600.00
4978.85
2150.60
4890.05
5600.00
5587.10
2917.75
5594.55
5700.00
5700.00
5700.00
5700.00
5682.05
5516.20
5672.25
5440.60
5079.95
5353.25
5093.45
4149.35
4894.70
5195.40
4728.40
3369.95
4073.00
5408.75
4044.10
4273.10
1455.80
2746.70
3035.55
4928.40
3718.70
4247.15
3733.40
3382.90
3742.05
2907.40
5634.30
2080.65
2909.10
987.90
2883.00
3087.30
4756.80
4094.10
2716.85
3974.45
956.00
2743.15
1525.00
3243.95
3281.65
2895.75
4001.00
4559.85
3202.40
4716.35
4467.30
1265.20
1160.30
2709.15
4537.85
4876.35
3950.50
5204.30
4434.60
5577.30
5361.00
5178.25
5653.40
5048.25
5328.75
3972.00
5600.00
4520.50
5407.25
5237.25
4289.45
4053.35
4343.05
4637.85
4924.25
5281.90
3081.50
3758.95
3192.35
4086.35
3964.75
2603.50
3673.55
5627.95
4757.10
5196.70
5694.40
5679.50
5600.00
5600.00
5600.00
5596.05
5597.45
5460.85
5600.00
5548.70
5695.80
5687.45
3151.65
4339.90
2917.95
5587.40
2291.50
3214.30
2904.60
2482.75
3179.85
3570.85
3714.15
3480.75
2800.75
604.40
1330.30
58.00
1388.30
1711.10
2035.35
853.15
2926.60
2216.45
4049.40
2662.30
3178.35
2586.85
2408.30
1069.95
1800.80
719.75
712.35
308.60
147.95
0.00
191.05
0.00
29.35
0.00
0.00
337.05
1502.35
2001.60
1003.70
830.00
1927.50
2771.30
784.25
1123.15
1661.00
504.55
447.65
57.70
459.75
59.05
465.40
11.20
0.00
148.65
515.90
681.75
1325.60
521.90
2143.25
2116.70
464.75
1323.55
127.60
2688.90
2949.05
3598.25
1447.65
1720.60
618.40
1716.75
729.75
542.90
133.30
146.30
59.55
903.80
278.65
1497.65
1660.85
5584.60
4464.20
2645.70
4941.60
2937.00
2268.10
3628.80
3789.30
773.55
2668.70
1044.05
2820.45
787.55
237.65
301.85
466.35
51.25
0.00
140.25
0.00
166.25
0.00
0.00
92.35
197.65
0.00
225.20
0.00
0.00
7.55
129.65
0.00
152.70
78.50
105.20
0.00
152.45
0.00
0.00
0.00
0.00
167.55
135.85
236.00
245.30
1079.30
1060.65
1909.55
2046.00
1134.35
2427.90
1722.00
122.55
718.70
1046.95
1605.15
1123.00
346.00
1350.50
415.60
762.55
489.45
469.45
494.20
1010.90
1019.40
682.60
548.80
379.15
2035.65
1232.50
1018.20
2294.55
1826.75
935.85
1042.80
1079.25
1110.80
955.10
1138.35
907.20
2285.65
790.70
1271.05
1944.50
633.10
674.00
725.00
1819.95
3494.25
3702.25
2166.60
2744.35
2048.95
1372.00
1957.75
2872.90
1248.10
668.45
2081.75
3364.75
1382.70
2109.30
1227.20
1817.25
1232.05
1084.95
900.65
989.45
1659.40
2752.30
1677.60
1388.00
926.65
2542.20
1843.50
2834.05
3194.30
3019.60
2017.00
2056.45
1875.65
1565.05
3367.35
3327.30
2089.15
1441.25
1061.30
1293.80
2557.95
1736.10
457.95
2563.70
1238.95
3194.65
3303.65
3350.20
3347.50
4896.30
3069.65
5147.25
4641.30
3732.80
3591.75
3852.05
3901.05
4945.05
2012.70
2094.60
3797.85
1593.95
3940.45
1861.00
4208.15
2798.70
2917.30
1985.15
1226.50
623.10
1762.40
1906.80
1928.80
982.40
900.05
2203.35
1792.65
3284.95
1751.10
3031.95
2712.00
4097.15
700.65
1291.30
1370.45
1944.25
2801.10
1344.95
792.90
1195.35
1425.30
1613.40
717.15
904.15
2421.10
2543.80
2770.20
2720.95
3816.30
2317.60
4015.95
1150.75
3421.35
1592.30
3340.45
2600.35
2131.90
2525.65
3575.70
2514.15
2415.10
2135.80
1458.10
1371.10
1347.90
1406.40
1407.50
1653.40
1694.35
2754.20
2001.70
1695.70
1120.25
2282.25
1262.60
2221.45
1890.10
1543.10
999.35
913.90
550.55
909.35
1844.90
1427.30
3128.45
979.35
1902.10
666.75
855.40
1430.15
668.45
532.70
1155.35
3161.15
1031.80
1048.25
1996.80
3210.65
3196.45
3486.20
2979.15
3464.90
3811.50
2813.55
3561.35
3688.75
5298.20
4858.40
3944.65
5249.30
4215.65
3219.50
4183.45
2921.95
5079.15
4719.70
2773.15
4113.25
5658.95
3277.35
4885.75
4239.45
3439.20
3796.35
4545.45
4122.25
3648.75
3455.00
2320.15
3652.90
3376.40
4226.50
2354.55
1765.90
2551.10
2974.65
4464.55
1462.30
2162.25
3818.45
2680.85
3414.80
2239.95
1970.50
550.65
1952.40
601.70
1097.90
3385.40
3244.05
2368.00
2390.75
1653.15
2864.95
2891.70
1481.55
2724.00
1954.80
2566.60
3004.50
1692.10
1249.45
2023.20
1795.05
1056.85
478.15
523.10
695.70
2909.15
950.40
1511.75
1820.45
2545.95
3801.45
4754.85
3988.50
3835.55
2774.35
4498.40
4435.35
5474.35
1288.00
1965.95
4436.60
4425.65
2312.60
3910.35
3194.45
2050.75
1056.95
1783.10
2386.65
543.60
3350.45
1841.80
3414.05
4881.55
5700.00
5697.65
5700.00
4973.95
3942.20
5016.00
5579.45
4687.05
5412.35
5110.00
5092.80
3004.30
2630.35
1802.45
4064.25
1813.00
1958.20
469.85
182.95
667.40
0.00
2625.65
3492.65
1841.85
4180.95
4350.05
4700.60
4340.35
3223.25
5209.15
4255.25
5414.55
4182.10
4321.95
5367.70
3819.70
1520.25
1806.75
2014.45
1048.15
243.45
0.00
0.00
40.10
373.15
446.75
964.80
140.80
185.75
453.80
479.15
0.00
360.40
259.10
142.70
502.35
0.00
0.00
1032.55
211.45
889.20
709.75
3068.60
2741.50
238.25
267.30
438.05
1067.20
2337.90
4180.65
3288.20
2514.65
3432.00
5604.15
1873.60
4411.50
5453.95
1531.00
4614.75
4771.90
4127.20
4311.10
2908.25
3598.40
3725.15
3931.35
4266.20
4316.10
5295.80
5017.85
5615.80
5238.50
5700.00
4724.45
5615.75
5547.65
5700.00
5050.35
5620.90
5221.60
4942.40
4616.05
3758.15
3903.75
4920.25
3458.85
3883.70
3259.30
3542.30
2437.90
1783.85
428.80
309.60
0.00
0.00
89.40
317.65
196.30
2283.60
3139.60
3716.65
3350.35
1435.85
1379.20
3033.90
4107.40
2855.55
3311.50
4537.30
4433.70
5574.60
4861.50
3863.60
3465.80
3667.25
1074.35
350.75
2772.30
1299.75
1383.45
1849.85
4397.40
4035.55
2998.90
3703.90
4528.25
795.55
2845.80
1241.65
2849.35
3735.20
2595.95
3356.90
811.75
4721.80
3728.35
3567.20
3819.75
2269.50
4393.95
2131.80
2868.10
2750.95
1444.05
2068.00
2036.40
3097.45
1780.50
3871.20
3426.15
2884.05
3245.80
1735.35
4812.90
3933.05
5038.10
2959.85
810.85
791.80
1539.65
1506.55
3370.95
480.30
2619.70
3651.50
568.00
2964.95
5284.80
4405.05
5674.70
4798.55
3613.70
5542.00
5700.00
5668.70
5005.50
5600.00
5593.45
5390.25
5587.15
2252.20
5382.70
5600.00
4547.65
5468.15
4455.50
5671.50
4883.90
5650.95
4400.40
4511.20
3161.65
4755.40
2252.80
2924.40
2393.30
2371.55
3098.70
2815.20
1833.45
875.70
2207.00
3085.50
393.65
324.90
232.35
1258.95
577.40
136.40
0.00
43.00
111.40
9.25
245.10
0.00
0.00
259.70
549.65
481.55
992.95
3284.75
4762.05
4268.15
4935.10
5479.75
2612.05
4284.30
3380.80
4234.05
5597.60
5522.25
4781.90
5027.35
2615.45
5421.05
4087.30
4091.20
5623.45
5129.90
1932.95
1570.85
1238.10
1324.25
2431.05
2490.25
2420.80
1472.90
1325.50
1652.10
3509.05
857.70
839.55
708.10
878.65
988.45
20.40
1824.35
638.55
30.25
0.00
129.50
0.00
35.75
182.85
32.95
464.10
395.40
1543.25
1392.25
911.70
1020.15
1010.35
1392.30
1284.05
1406.35
2181.85
2565.50
1003.15
1592.20
2374.25
3742.10
3136.45
3104.40
3187.70
2949.80
3605.95
3224.45
3637.20
4208.35
3422.10
4496.00
3764.75
4178.85
3374.15
2047.75
2839.30
4163.55
3219.40
3935.65
2551.50
3091.25
2431.55
2813.70
3774.75
3933.15
2397.35
3204.70
2852.35
2486.65
4490.85
4506.60
3291.10
4013.40
1702.05
1474.30
2596.30
4360.05
2840.95
1805.30
2114.75
3339.15
3469.45
3616.05
1930.25
1423.95
2108.35
614.30
1337.60
783.85
436.65
1475.05
1061.55
100.85
247.10
1361.80
1044.40
1874.15
2124.20
3010.05
2186.80
2343.35
2562.55
633.70
2796.30
2269.15
1960.50
959.50
841.95
304.05
274.70
925.30
758.75
933.95
29.95
3655.35
985.20
4436.40
3012.50
4486.10
3700.95
4711.00
4254.45
4758.40
4757.65
3830.05
2844.10
3734.00
1913.60
1814.50
1198.40
1294.95
451.00
1127.25
131.30
308.80
731.35
0.00
147.70
51.00
43.30
5.20
0.00
75.05
0.00
67.35
605.95
136.50
441.95
942.30
306.90
1157.00
3172.20
1491.70
1937.60
3990.35
2290.10
2553.75
1371.65
5439.45
3654.65
4990.40
3298.55
4264.50
4438.20
5378.85
5138.20
3279.55
4206.95
1972.65
3415.95
2230.10
716.75
2263.50
2428.20
577.75
937.65
1059.20
763.75
1763.30
467.50
2462.80
628.65
1259.70
1674.70
1560.75
970.00
1767.15
1421.75
1508.15
2369.05
1505.95
2805.95
4097.45
2008.20
1289.30
420.55
1880.85
1837.70
854.45
1357.10
551.75
854.35
2360.05
1395.55
364.70
1545.90
4587.60
3899.35
2189.05
793.70
342.25
1353.40
279.55
1004.85
36.15
1284.30
352.90
328.35
1116.20
600.15
360.95
1766.15
3727.85
1000.20
949.35
2811.60
1951.55
434.25
919.20
461.35
100.95
180.75
0.00
39.70
0.00
0.00
0.00
291.00
138.95
542.55
20.85
103.85
740.20
703.65
1658.05
920.05
1080.20
828.25
3065.85
2335.95
2529.10
1259.35
1928.30
227.90
1478.70
644.40
44.95
89.55
0.00
151.00
37.65
204.55
198.80
170.00
142.30
501.25
245.05
177.50
24.45
0.00
470.10
151.50
30.10
311.90
364.45
89.60
74.55
268.85
585.10
242.55
1236.20
906.90
979.35
567.55
1921.50
1050.35
2035.20
1179.15
1524.15
557.90
3062.20
2732.45
3758.35
3027.30
2731.15
2987.35
2135.00
1632.10
1803.80
3362.70
3524.05
1271.10
1962.40
742.15
1172.75
2721.35
1493.60
0.00
305.05
150.45
649.75
2939.65
3184.85
1171.00
3236.50
2346.80
2850.00
1517.15
4023.55
4055.65
3469.30
3741.45
2987.55
2475.45
2856.35
3038.10
2536.55
4617.20
842.50
2614.10
3206.55
2426.75
1693.05
2725.75
3484.15
1777.90
1593.45
369.05
107.05
107.80
773.00
1082.40
947.85
494.25
5027.45
4802.85
4507.95
4922.80
2418.35
1523.40
4424.25
3561.25
3073.70
2912.25
2701.75
2477.50
2882.40
3687.45
2513.10
3456.25
2480.05
2172.60
2252.90
2933.90
1950.15
4664.20
3005.15
2692.05
1484.80
3515.50
2492.25
2435.05
3299.20
1699.25
883.95
1623.65
392.10
450.90
83.60
0.00
190.15
102.20
343.10
512.65
537.25
95.65
232.15
292.15
403.55
1025.75
1879.10
1329.40
1565.50
849.00
1340.90
2137.90
1595.40
1553.75
1900.70
2103.70
2275.85
45.15
2747.65
1062.35
1897.15
2417.95
1439.45
3213.00
3336.85
1372.15
360.80
881.60
263.55
264.75
374.90
241.85
187.40
246.40
0.00
268.65
121.65
607.50
1842.80
1405.25
2466.95
1875.05
2494.55
2425.40
2978.20
1241.70
3229.30
1762.70
2434.05
3723.20
5686.30
4632.00
5680.35
5544.55
5325.50
5068.90
4216.45
4003.85
5442.85
4415.15
4327.65
4555.15
2688.00
2826.55
4306.30
2161.75
5257.50
4175.85
3492.35
3074.70
2883.70
5497.75
3135.95
2534.00
2743.95
3605.75
5535.00
3340.20
3130.90
734.10
2382.50
1271.70
3445.55
256.35
2865.20
3638.45
1404.35
3009.00
2591.05
1264.80
2212.90
4043.75
3932.45
3962.55
2713.80
3000.20
1771.40
5567.35
3647.00
2190.40
3429.10
4764.85
3547.45
5064.10
1649.90
4626.00
5341.05
5600.00
4055.80
5273.90
5661.00
5485.55
3320.30
5697.95
5646.50
5669.50
5700.00
5605.85
5699.60
5377.85
3200.70
3132.55
3523.30
2658.25
711.70
117.50
182.50
0.00
133.95
276.15
467.50
509.25
1316.00
5253.60
4605.30
5456.35
4144.75
893.45
3946.90
4427.85
3701.75
4920.90
3486.25
5190.70
5567.55
5661.65
5539.00
5335.15
4022.30
4089.05
4700.75
5504.70
5365.65
5105.35
5523.90
5552.90
5565.80
5600.00
2850.00
5676.30
3611.50
3701.25
4378.15
2826.20
2619.75
4405.70
4122.35
3721.90
4505.05
2849.75
2091.90
2501.10
2368.95
2049.25
5094.05
4980.15
4215.75
1534.25
1609.45
1726.55
484.00
188.45
1555.65
2287.20
3506.95
1575.80
1865.15
150.80
9.85
0.00
49.00
135.10
138.60
0.00
0.00
15.15
0.00
0.00
0.00
0.00
2211.35
0.00
240.00
267.15
252.10
57.30
373.25
1072.30
238.50
287.05
190.65
301.55
32.70
486.65
352.70
5.05
137.30
0.00
201.95
2180.55
2480.15
1760.80
5079.00
1734.90
1607.75
2084.85
3465.10
1578.15
1133.40
1519.35
1964.80
1342.05
1396.05
2007.50
216.40
110.05
1448.90
265.00
162.60
105.60
391.95
424.70
1057.75
2473.65
4979.05
1445.00
2259.20
751.70
399.50
582.30
2013.85
73.45
0.00
163.75
33.85
183.45
0.00
355.60
88.90
0.00
468.55
404.80
149.20
0.00
0.00
0.00
0.00
0.00
0.00
180.90
97.65
213.45
770.85
656.50
1715.95
1005.65
1597.55
1060.65
1217.95
1085.70
433.40
356.50
263.85
1002.15
40.65
569.55
402.30
205.60
486.55
1152.85
1985.45
161.05
1511.60
2570.00
2098.50
380.50
301.50
263.05
1261.95
0.00
123.85
442.45
126.55
2419.85
330.45
312.20
572.40
379.00
896.85
1437.90
3004.20
1628.30
1018.70
688.95
91.15
108.65
541.25
51.70
17.15
119.95
657.10
1861.60
1219.80
1594.50
1548.60
659.00
304.05
615.90
0.00
2.40
0.00
126.90
499.25
276.05
0.00
404.80
123.50
0.00
184.95
5.35
158.45
0.00
74.65
0.00
8.80
818.65
1599.50
180.65
3211.80
1345.00
542.80
2715.20
5397.55
196.05
56.50
262.95
965.10
322.15
19.20
57.70
0.00
654.55
112.00
322.85
44.40
56.65
100.50
22.95
171.55
195.95
0.00
277.30
1012.70
191.05
2469.75
2420.90
1528.70
233.60
96.60
935.25
183.15
70.85
359.60
934.50
496.70
456.00
65.60
321.35
561.35
531.00
0.00
262.75
126.90
1778.50
0.00
225.90
77.55
2705.60
2228.85
2535.35
373.50
886.85
128.70
1748.90
189.70
667.75
457.15
39.20
731.25
0.00
0.00
0.00
162.90
281.75
875.50
92.45
19.50
329.10
101.60
180.95
117.00
398.00
1.75
0.00
0.00
0.00
0.00
763.15
293.65
5.70
440.40
376.35
586.00
0.00
453.20
482.40
173.50
927.90
2357.65
866.40
1733.50
2643.95
3007.35
5237.70
4940.35
3547.70
5071.90
4867.20
3481.30
3650.20
2807.25
1441.85
1948.95
2605.50
1872.40
2142.75
2702.10
1752.55
3223.40
1314.85
845.25
4024.95
4765.75
4195.95
2736.35
2748.85
3740.20
2683.85
3969.35
2675.00
682.35
352.00
99.05
75.00
0.00
0.00
13.55
249.40
0.00
243.70
143.15
456.40
318.30
575.35
255.10
1825.65
1217.45
567.45
0.00
923.35
669.50
57.60
38.35
0.00
0.00
121.75
169.60
316.70
0.00
0.00
0.00
1041.00
112.30
264.05
0.00
629.95
446.10
864.95
1003.40
1575.05
1892.45
1351.60
1942.70
3072.50
1568.00
1518.00
2082.05
298.50
3702.70
4100.80
5211.55
1103.85
152.05
1.10
263.80
407.15
1493.05
3140.10
2448.70
3318.25
4590.05
3271.55
1664.10
3573.05
3220.15
3085.70
1856.00
768.30
858.00
1846.45
1841.45
2609.55
4713.15
3417.90
2586.20
1721.40
1171.75
2243.50
2201.30
1184.40
1178.90
748.00
2483.40
2664.35
2600.05
1151.75
1076.45
505.50
656.75
1657.55
2116.60
1829.15
1653.55
1480.45
2518.40
3726.25
2624.55
3609.75
3492.90
3587.85
3481.15
2379.90
3271.05
2367.60
3148.55
2010.10
574.85
451.10
632.35
1455.95
806.10
1190.55
2822.60
676.25
352.95
5432.00
5567.75
5214.55
4687.05
3701.60
4968.10
4803.55
5004.65
3179.50
4479.50
4519.20
3689.45
4276.85
2435.75
4290.15
2238.15
3266.90
2826.75
2601.80
2586.85
3277.50
3385.90
3478.60
3296.80
5239.85
5177.00
4615.50
4183.20
3249.00
5683.10
3655.25
3594.25
4483.15
5238.20
4274.65
3409.10
3482.75
2795.40
4962.00
4773.45
4612.80
3247.05
2040.65
2348.75
2943.85
1846.60
1701.50
1197.40
1051.05
1033.15
955.35
1695.50
1176.00
1399.10
1186.10
4150.10
4475.80
3199.60
4085.55
3673.65
1934.40
1770.85
3416.20
1463.05
1837.85
2072.30
841.50
2963.60
2847.50
1721.30
5586.10
4700.65
3101.00
4945.00
3800.35
5141.40
3003.20
4317.05
4371.40
2482.00
1571.40
3836.50
4699.45
4633.35
3964.00
1372.75
3793.85
4980.65
657.90
603.35
1132.15
250.10
21.50
396.00
3093.00
1870.90
1294.90
540.40
795.40
239.95
0.00
348.35
0.00
164.05
394.20
524.80
1011.05
937.25
2984.90
615.65
1216.75
1345.10
752.35
331.35
615.20
45.25
1289.40
3999.45
1967.10
1613.85
1099.10
352.85
628.90
5124.85
4239.45
5103.50
2832.25
4588.50
5673.45
5700.00
5558.95
5192.00
5680.95
5120.60
5677.55
5698.20
5700.00
2850.00
5700.00
5700.00
5700.00
5600.00
5600.00
5600.00
5600.00
5600.00
5598.85
5600.00
5479.70
5700.00
5694.15
4590.50
5700.00
5369.80
5291.90
5606.95
4442.30
3199.25
3771.35
2826.10
1068.00
556.85
646.30
45.35
0.00
0.00
72.70
1929.80
3308.15
569.50
2608.10
2626.25
2768.25
2730.40
2179.55
2660.40
3001.65
954.50
337.60
2987.80
3480.30
2023.90
1155.15
3559.80
1575.15
2722.45
839.95
706.45
2726.40
4068.10
4253.45
2015.30
2059.05
2173.50
1832.30
1997.75
1309.65
1678.25
476.50
196.75
582.10
123.90
333.00
27.10
632.70
1931.80
286.25
1021.05
324.90
213.15
487.00
712.10
1382.95
1666.60
1492.05
1575.35
871.70
944.55
895.50
407.25
399.65
285.85
607.00
127.35
65.80
302.80
288.80
942.15
595.60
1429.15
922.10
986.30
1120.15
1917.30
1240.05
1336.10
3493.25
2091.75
3456.50
3606.90
1374.00
1360.50
444.80
678.10
413.65
1360.25
1429.00
605.00
914.85
468.80
1137.90
1532.60
590.00
1672.35
1451.20
1122.30
1250.85
1794.80
1346.80
1675.25
416.00
1313.75
1653.90
2998.10
1588.55
2563.65
1737.50
2957.30
2431.00
3075.70
2075.10
617.00
129.60
390.00
411.10
8.10
636.90
566.50
921.00
171.70
862.70
554.50
1505.35
1440.15
4487.15
1819.65
2169.85
4361.05
3351.90
2558.60
3622.15
2750.65
1487.20
4267.05
2221.35
3167.30
525.65
1245.45
151.75
533.50
190.70
93.55
339.05
171.50
511.85
0.00
180.15
500.90
68.75
2070.95
4869.05
5286.30
5356.40
4984.95
1628.10
2227.35
4310.25
2489.15
3474.25
3938.45
350.95
1250.75
257.70
1223.00
1954.55
2359.30
180.45
822.95
120.75
512.25
880.80
1260.80
57.70
592.30
3315.40
4026.85
3968.70
1955.95
983.90
675.75
2876.05
1041.30
1727.50
1170.05
49.00
905.00
34.95
73.90
212.40
103.75
49.45
0.00
80.65
244.95
0.00
52.30
104.30
338.10
501.60
769.20
452.45
1673.00
2991.65
3221.20
2132.10
2025.85
831.95
1505.45
3494.15
1248.00
2839.50
1478.45
1169.00
1744.85
1450.00
2883.95
2367.25
3201.20
3017.00
4659.15
1350.25
304.30
110.50
100.05
4.25
261.85
97.50
1199.30
2314.40
88.75
182.20
449.40
0.00
315.85
275.75
74.60
92.20
608.85
104.70
470.45
480.30
206.35
1098.90
0.00
582.45
954.75
1902.45
2146.15
2675.40
852.80
63.30
1811.30
2065.05
499.55
847.45
316.30
226.05
8.80
128.45
0.00
143.15
49.90
387.05
1917.55
1086.90
321.05
1326.80
410.85
880.20
703.55
1081.65
1587.60
3117.10
2774.35
1205.70
193.20
5.00
894.10
2158.35
3129.70
2240.00
715.55
1284.55
3069.80
1946.35
680.95
2945.25
2859.45
2959.80
2919.15
2151.30
3691.75
324.45
1294.45
808.00
2162.95
3540.60
124.90
456.25
1963.10
1043.05
353.40
134.95
722.00
522.50
508.90
719.25
459.75
1851.75
2120.25
1557.05
3138.95
2364.15
2162.25
2456.35
3129.80
2374.65
3792.20
2644.55
2249.55
1426.95
2506.90
1695.35
1136.30
1841.60
1358.40
409.90
455.80
397.25
458.05
784.80
370.90
665.55
364.65
1014.00
1135.35
819.50
2046.50
1017.70
385.25
1384.20
0.00
0.00
0.00
46.30
106.90
1080.15
975.40
2188.05
1594.05
136.50
278.40
493.35
307.80
1192.50
2559.55
3497.45
3064.45
3575.25
2901.90
1379.05
2652.35
3706.40
2827.15
1530.95
3821.10
2401.25
3351.85
563.40
635.40
501.20
201.90
506.75
430.25
1877.00
202.95
1067.90
259.20
620.45
447.65
546.70
1218.90
779.45
597.20
84.85
837.20
2140.55
641.35
842.60
1246.05
964.40
1438.90
196.90
459.55
187.20
402.00
11.60
60.65
407.00
0.00
142.30
0.00
0.00
17.05
29.45
32.90
459.15
598.00
171.40
392.30
1206.20
278.05
2711.15
1193.50
1250.35
1066.80
4300.00
2941.15
1526.25
621.25
291.55
1002.50
504.30
68.95
289.65
0.00
0.00
69.70
13.30
200.55
31.40
0.00
50.80
374.50
910.85
434.05
6.50
1474.60
1533.60
2050.05
1606.45
0.00
2516.10
0.00
140.70
239.55
515.70
47.55
157.90
764.90
103.40
260.40
132.05
113.60
130.00
465.00
0.00
62.15
517.55
464.80
672.25
0.00
931.80
3802.50
2572.85
1307.40
563.40
1952.20
259.10
1432.90
451.90
39.40
268.85
567.85
708.50
718.40
1562.90
1126.75
429.80
3795.95
1562.80
1981.40
538.10
43.85
291.65
2071.10
815.85
1102.55
763.95
301.90
7.70
0.00
70.25
60.85
0.00
975.05
233.70
0.00
0.00
18.50
0.00
1.30
407.65
261.95
0.00
0.00
5.90
203.15
0.00
106.40
176.65
0.00
0.00
0.00
57.45
109.35
876.75
465.70
253.45
242.25
272.05
318.80
605.00
131.20
1239.25
418.95
1055.00
346.35
213.75
96.10
670.80
1228.35
1494.75
729.25
2600.75
1819.30
1521.75
2383.10
1154.55
3179.10
128.30
1128.95
1839.70
399.80
37.65
255.70
274.85
61.10
164.85
432.85
293.70
360.90
504.50
627.35
0.95
164.65
2130.50
1344.15
2095.85
2456.65
5236.30
3296.65
2115.90
1473.10
104.40
824.80
243.75
739.10
0.00
0.00
55.05
54.10
688.40
12.55
0.00
64.95
799.95
4.00
577.15
435.30
293.85
37.80
164.05
493.30
2343.60
2769.00
631.85
360.80
1522.35
1511.00
2648.40
561.20
55.20
313.65
258.45
0.00
520.90
397.50
906.90
329.00
118.70
686.25
170.50
0.00
646.25
725.40
2846.45
2247.90
1641.40
2753.55
1340.00
2175.25
3213.35
2566.90
336.70
3011.70
1299.65
1976.00
370.30
308.95
1113.45
525.30
326.10
2129.25
461.70
227.95
66.80
103.05
239.05
683.65
368.30
457.05
1430.90
848.20
112.20
2441.75
1280.70
4.45
27.50
92.15
289.20
301.65
375.90
361.25
305.80
35.40
347.95
59.50
185.30
1226.60
630.30
1331.70
2011.30
1287.70
1813.40
2215.50
1128.55
369.10
292.95
729.25
160.00
198.20
60.30
0.00
0.00
158.20
0.00
0.00
182.75
35.25
1408.40
180.85
199.90
738.65
643.15
455.30
899.95
0.00
622.65
197.05
770.75
0.00
331.30
1228.30
2645.85
1638.40
484.80
1165.40
83.75
0.00
295.05
0.00
0.00
35.15
75.70
56.25
64.20
0.00
0.00
0.00
0.00
1127.85
386.95
73.20
0.00
62.00
0.00
0.00
8.55
0.00
0.00
0.00
0.00
40.85
9.65
206.35
0.00
663.35
388.80
1174.00
0.00
29.70
80.60
0.00
160.10
7.45
475.35
542.75
124.00
141.50
145.15
166.00
1694.55
1023.70
522.70
516.30
235.60
748.80
1344.40
2945.75
1002.60
2633.60
3793.05
5071.50
3814.85
1181.95
2648.30
1268.05
2592.60
1120.20
1794.75
3141.65
1146.35
1834.15
2154.95
2356.95
1437.15
1345.30
524.95
976.15
1257.25
1034.45
683.35
1225.75
431.70
239.80
471.10
184.40
376.35
287.45
272.55
142.30
430.30
0.00
0.00
821.45
27.70
16.50
0.00
122.55
72.00
0.00
0.00
0.00
105.25
9.45
184.85
0.00
0.00
0.00
187.25
126.35
567.35
86.65
261.95
1229.45
187.30
344.80
128.40
0.00
946.15
14.75
784.20
199.70
38.35
146.05
32.40
174.80
0.00
497.15
137.70
690.00
1608.50
1395.55
442.70
1033.00
466.35
1088.85
855.30
1230.30
1391.35
2295.05
3176.75
89.90
3034.85
1564.55
320.10
968.40
550.50
1011.95
1091.20
105.75
234.20
101.80
207.20
477.35
623.95
2230.50
581.65
501.55
221.25
392.50
378.20
724.70
1118.35
2751.85
1554.95
814.40
2136.05
744.55
52.10
182.95
335.35
834.75
733.00
0.00
0.00
0.00
148.30
300.90
0.00
39.00
0.00
121.85
33.80
0.00
324.10
251.80
114.45
754.60
1225.80
2203.10
1754.50
905.60
1822.75
4680.80
1440.80
466.80
655.60
326.50
256.70
43.50
0.00
290.90
2077.95
106.05
1043.00
442.90
417.00
277.75
550.55
496.95
56.40
216.25
1075.85
204.90
363.55
0.00
0.00
60.80
257.90
923.45
154.20
81.60
151.55
568.70
51.85
537.85
0.00
72.20
0.00
343.65
0.00
590.15
140.40
723.25
1230.60
2810.45
576.60
140.55
470.40
92.40
550.00
113.60
0.00
7.40
317.00
46.90
39.50
0.00
180.15
66.85
0.00
0.00
0.00
3.20
0.00
6.35
0.00
5.15
49.95
0.00
77.15
80.55
489.90
0.00
30.90
138.40
93.30
70.80
56.25
0.00
0.00
0.00
37.65
28.35
76.85
220.60
6.50
258.15
190.50
0.00
195.00
489.70
583.25
899.25
2232.30
733.05
749.00
629.45
307.25
843.90
321.60
1430.60
336.90
944.80
984.60
989.90
1547.80
1635.65
1467.15
546.75
1414.05
1474.20
1657.55
1814.75
1588.35
1876.95
1998.80
1116.70
708.15
1173.25
1158.60
1223.60
1075.00
1276.50
1178.60
780.70
2165.25
471.50
971.40
1678.55
814.65
608.70
128.25
233.80
234.75
268.45
558.40
1311.30
2455.45
1155.25
2468.70
1547.95
3292.90
231.05
1100.65
697.80
576.55
1986.05
503.95
154.35
215.40
824.10
182.35
480.85
1508.85
614.20
284.60
306.65
481.90
334.75
695.45
860.55
780.55
161.95
0.00
0.00
87.40
225.90
0.00
42.90
282.25
737.50
504.90
472.05
2212.95
506.05
3040.70
2857.05
1585.65
1199.20
726.15
607.75
796.50
1740.20
2046.05
2080.25
33.55
290.65
910.25
1715.15
2220.45
326.05
347.80
1893.85
562.55
66.75
1000.95
239.40
646.70
32.25
74.30
191.60
0.00
73.70
0.00
222.95
0.00
0.00
260.65
41.20
136.30
51.00
0.00
166.30
1309.20
39.50
1708.35
605.25
615.00
311.75
114.75
382.60
299.50
0.00
49.10
98.45
19.15
659.60
152.40
0.00
485.85
69.10
919.40
274.60
1165.05
654.95
890.10
472.30
1134.90
996.05
652.45
1130.10
561.30
1420.45
1888.35
1632.70
722.95
805.35
3074.60
2815.30
3418.30
3872.80
2982.05
2196.65
2484.25
2439.80
851.70
1339.50
350.30
0.00
0.00
1166.25
337.65
1697.85
844.40
768.15
1188.40
2319.95
1788.90
828.10
2223.20
2087.15
3319.70
2647.15
3231.00
1519.60
2979.55
3282.15
2245.60
3155.40
2159.80
1801.40
3107.65
956.05
1390.65
403.15
2427.25
2768.95
1712.40
1131.75
3262.95
3241.80
3012.75
2546.90
2927.45
1882.95
1620.70
701.40
288.10
1124.45
740.00
2001.20
190.75
1013.50
108.75
159.65
30.70
194.70
49.70
50.65
0.00
0.00
0.00
255.45
19.00
15.80
0.00
256.20
603.85
84.60
414.10
159.00
377.75
127.55
562.80
281.70
468.75
135.00
1303.40
939.65
262.55
969.95
523.00
450.30
1421.20
727.60
849.70
1643.75
640.40
2406.15
4815.55
4264.75
2440.35
3568.00
4802.75
2892.85
4409.85
4398.50
3798.25
4831.75
2665.45
5248.45
4101.70
4064.00
3047.35
2896.50
2828.50
1226.15
2541.95
3205.15
5405.35
1807.55
4489.95
2418.05
4464.75
4906.75
4473.05
5444.50
4623.20
5060.30
4678.65
3888.65
2966.50
2863.80
2657.85
2425.85
3385.85
1745.90
2949.75
1132.60
1451.35
3479.00
814.00
1187.45
418.25
4501.65
385.50
556.55
1985.05
1438.60
869.60
369.45
801.65
545.55
1002.35
478.65
523.10
752.40
721.35
971.70
1043.75
878.70
177.85
272.45
215.60
609.00
47.45
24.30
96.70
161.55
0.00
486.00
548.20
66.75
243.95
92.35
205.20
0.00
23.95
245.80
491.60
180.90
208.70
1109.40
710.40
414.15
315.60
291.35
108.00
439.85
53.25
91.85
38.95
747.40
153.95
636.60
108.35
0.00
423.50
375.85
335.80
115.25
504.10
611.15
112.00
248.90
605.95
199.45
634.20
104.50
1015.95
1569.65
1183.50
1414.80
1839.00
2540.15
3570.00
1369.10
190.85
383.65
608.90
914.05
413.25
334.20
47.60
291.15
156.90
1003.30
393.35
283.70
556.20
991.55
963.30
200.15
796.70
606.00
496.90
718.20
1186.60
895.10
208.75
957.60
0.00
684.70
109.55
794.15
343.85
445.05
0.00
49.90
92.85
19.25
4.70
1102.35
1485.40
1759.55
2493.15
1697.00
3395.80
3502.65
1561.50
3631.35
4197.60
2024.60
2259.20
1123.65
726.90
1890.20
856.20
1767.05
506.15
159.65
0.00
602.00
1332.20
824.45
862.85
2192.30
1360.30
1871.35
1713.40
2017.70
2263.50
1979.75
1365.25
3440.95
4503.85
1744.75
3406.20
2658.85
2112.90
504.35
2980.85
1165.65
1619.20
162.85
536.50
1265.00
589.50
833.85
1161.90
1113.05
1180.55
920.90
2053.30
2773.45
711.75
1832.25
768.55
2442.75
2078.10
1983.95
1450.15
2115.55
428.80
502.80
81.55
1758.15
513.85
446.40
270.90
0.00
944.40
250.50
849.60
161.10
297.30
760.90
510.85
1474.80
2552.45
3638.70
2823.65
3238.20
5435.55
4082.35
4067.75
5264.35
3982.70
3545.85
4525.05
4196.85
5625.05
4257.30
1899.65
1518.35
4226.10
2077.70
2705.35
695.50
1233.35
1443.10
929.60
540.75
3020.50
3105.15
2192.55
1657.40
2665.85
3685.75
3716.75
5063.20
4039.85
2093.90
2567.70
2366.85
3185.05
564.45
704.90
1456.80
806.25
486.10
12.80
579.15
334.95
370.75
911.15
1349.65
713.05
2140.10
965.45
987.10
2008.35
1123.65
1071.30
3.95
1768.55
1329.60
738.10
295.85
558.35
194.85
0.00
214.70
0.00
227.55
0.00
104.80
0.00
39.25
30.35
382.85
0.00
60.70
113.15
999.25
146.15
633.00
361.85
152.90
0.00
0.00
0.00
1043.55
108.65
0.00
0.00
0.00
0.00
1140.60
228.80
0.00
134.65
1177.25
324.20
533.55
432.00
0.00
0.00
0.00
0.00
56.30
32.95
556.80
0.00
36.35
653.75
19.75
0.00
42.45
26.50
0.00
200.55
730.05
432.55
302.80
286.55
352.25
510.10
9.10
3086.40
423.00
630.65
1042.40
938.25
1753.55
1762.15
241.05
807.05
17.00
1166.30
0.00
241.70
167.80
22.55
0.00
15.20
152.50
216.40
346.95
319.40
21.65
513.00
213.50
1076.05
309.70
1352.25
225.20
1846.80
189.85
83.80
720.60
913.55
524.15
732.40
0.00
273.55
169.35
720.25
212.30
5.80
215.95
418.50
177.70
182.25
523.30
1615.05
858.75
1278.25
730.00
1497.90
813.10
3126.65
1114.65
1265.60
432.70
756.10
772.40
0.00
689.10
877.75
67.45
259.75
287.75
217.70
1049.15
1398.25
1007.85
722.45
641.15
446.35
1079.00
1556.45
688.95
1096.75
4467.30
826.20
3307.85
2213.80
2500.95
0.00
85.45
2562.55
1088.95
340.15
99.30
744.30
286.05
384.70
414.05
74.55
1221.90
1398.35
643.15
756.15
1921.90
1822.45
341.55
94.25
1026.25
1225.25
612.45
362.65
141.05
561.10
543.75
706.90
715.75
722.10
607.90
1300.70
1117.70
1018.55
3276.55
3771.45
4915.80
4962.10
3144.55
3269.20
3303.55
1886.45
2745.65
472.80
60.80
2031.60
826.05
1239.20
754.55
4061.15
638.00
634.60
804.25
1131.60
257.75
37.45
188.25
1674.30
262.65
310.55
819.05
686.55
2506.20
418.50
312.00
2337.45
176.85
734.30
226.75
1616.55
1966.90
48.75
310.45
346.45
108.60
851.45
199.80
210.65
0.00
55.00
313.60
60.70
79.05
47.45
907.00
507.00
226.10
361.15
2505.75
205.50
1437.15
1095.35
424.10
917.70
1364.20
1811.30
40.90
0.00
1350.95
638.95
290.75
41.35
6.50
0.00
0.00
226.20
208.00
4.25
90.85
0.00
157.95
58.80
62.40
617.15
1188.30
686.60
358.90
1549.20
1615.65
0.00
0.00
0.00
0.00
75.75
1107.95
0.00
0.00
68.75
74.75
555.60
0.00
13.65
242.30
572.10
41.20
138.70
452.20
245.05
2358.45
1172.15
2684.60
214.10
1455.15
140.40
275.20
410.50
304.85
127.00
671.05
64.50
0.00
176.35
135.70
72.05
488.30
362.60
353.45
205.55
395.05
9.05
626.95
736.20
1736.00
1315.55
1279.95
1633.85
697.90
1928.30
476.70
0.00
33.70
312.60
463.75
93.00
6.80
53.20
0.00
34.50
249.85
290.10
361.15
214.35
226.35
36.70
0.00
539.50
902.60
187.90
33.55
0.00
136.10
0.00
0.00
290.20
404.85
647.15
777.90
133.80
2361.65
561.90
1073.55
524.50
1464.20
1018.75
717.55
1365.55
1347.15
1755.55
1136.85
983.00
958.55
307.70
229.50
471.35
2619.80
0.00
0.00
48.05
869.30
132.00
0.00
0.00
0.00
0.00
23.45
10.70
117.80
0.00
251.85
13.70
546.25
29.80
179.30
64.25
0.00
115.70
329.00
288.75
0.00
1127.70
138.85
0.00
1372.10
92.50
677.85
281.90
334.15
0.00
84.20
20.45
0.00
0.00
78.30
0.00
0.00
0.00
0.00
0.00
126.10
0.00
378.65
241.10
0.00
0.00
0.00
0.00
80.40
616.15
558.50
0.00
9.15
0.00
200.50
0.00
107.50
299.70
120.85
86.85
554.45
589.35
244.75
278.45
65.40
55.40
48.60
1109.90
227.00
0.00
0.00
0.00
27.55
44.50
351.30
514.40
201.05
39.65
34.20
4.35
188.30
364.90
39.35
21.70
161.50
43.75
46.45
11.90
844.45
598.30
293.65
488.80
340.45
652.35
330.30
799.95
1027.80
119.10
676.60
17.45
86.40
32.15
17.35
310.25
525.55
130.35
280.35
578.00
331.45
519.20
333.35
0.00
687.00
889.95
36.45
53.45
1613.90
80.45
263.45
0.00
18.60
33.60
198.65
0.00
45.65
535.85
607.80
22.60
23.65
2.30
46.25
129.50
205.95
645.05
501.65
429.10
95.85
252.55
163.10
269.00
97.40
843.70
76.40
3219.30
242.85
299.05
343.75
0.00
189.30
142.90
0.00
14.35
0.00
14.45
45.75
125.60
0.00
0.00
210.25
75.70
159.25
564.75
1667.60
891.55
634.65
1751.85
365.05
422.50
246.30
19.80
504.25
28.60
1783.20
1.35
277.60
54.25
203.95
477.90
101.75
39.70
365.30
2823.65
1518.05
949.90
2070.15
642.70
1511.80
1567.65
1735.65
778.65
0.00
78.30
1672.55
1404.95
465.80
413.85
219.35
201.95
121.05
97.95
0.00
0.00
67.15
137.45
246.30
110.65
0.00
0.00
195.85
0.00
774.70
2344.95
2920.75
3882.25
2424.35
3752.80
4023.55
2827.70
5363.50
3241.35
1164.75
1203.40
1256.50
436.05
121.35
170.40
70.90
671.00
128.60
1087.60
445.90
488.75
0.00
0.00
2020.20
3329.00
3687.25
5204.80
3328.90
3369.70
3559.50
2402.30
1540.10
62.75
68.55
3387.15
301.15
600.60
2165.65
3475.30
814.15
2120.25
2392.55
4802.80
2860.70
1829.50
553.00
2075.45
779.95
232.05
235.10
284.40
40.55
389.40
2143.00
884.15
469.80
3256.10
3801.40
972.65
3045.65
1915.90
2966.25
5030.10
4811.40
2558.70
3196.80
1196.50
2130.25
2057.05
1059.35
31.05
329.10
179.75
158.95
8.80
898.65
0.00
66.45
540.25
326.65
421.55
296.65
883.10
899.10
803.35
1684.35
718.20
538.40
343.50
1768.10
349.80
2039.80
187.45
420.75
594.95
786.05
1398.95
258.05
0.00
2185.05
674.70
1096.45
1472.60
0.00
0.00
0.05
115.05
765.80
361.30
1504.65
1127.35
2981.50
839.25
657.00
821.45
889.85
441.60
1662.75
193.90
1046.95
3144.05
548.60
539.20
609.30
631.20
1484.55
112.55
1382.35
270.60
240.00
5.20
0.00
57.30
226.85
358.35
252.30
9.55
161.50
240.60
76.25
261.25
511.85
876.85
1747.25
1170.55
588.75
136.80
548.70
783.20
66.10
195.05
0.00
0.00
33.80
0.00
272.65
324.40
42.15
175.00
127.50
127.75
109.40
208.95
443.40
124.90
423.20
1988.10
2250.05
2158.95
1970.95
3105.60
2226.65
987.00
1012.25
2.70
996.40
520.65
141.90
149.05
0.00
157.35
71.55
0.00
114.10
0.00
179.80
271.75
1076.45
863.80
2171.25
284.05
975.90
3150.90
1253.95
1950.35
634.15
351.85
359.70
143.60
1785.10
1143.40
371.15
141.10
0.00
589.65
1644.20
1238.05
316.70
163.65
375.95
1157.15
326.15
359.25
3431.95
2480.50
2084.05
860.20
626.60
846.20
716.45
1406.10
1224.70
220.80
1848.20
1329.00
4127.40
399.80
0.00
649.40
796.30
1236.65
15.10
437.90
998.95
1464.80
380.15
485.75
946.15
1931.15
719.25
1213.85
731.75
597.80
1271.95
708.90
384.65
2254.95
838.20
3233.00
569.25
370.60
546.20
573.50
555.75
82.85
845.45
0.00
117.45
952.80
18.65
184.05
2569.05
858.15
1731.30
720.85
280.00
2433.00
99.30
909.25
227.80
217.55
254.00
1047.90
0.00
55.20
60.60
453.90
392.55
643.10
49.55
827.25
182.55
242.90
897.55
130.70
17.05
74.50
0.00
3132.70
4130.70
5595.40
4054.20
4709.10
3799.95
2482.35
5163.90
3721.70
5286.20
4021.55
3836.85
3966.00
3545.50
3242.80
1852.25
2611.70
1998.35
3032.95
2477.90
1648.85
724.95
831.65
106.75
9.60
0.00
0.00
35.10
559.60
430.15
690.95
557.30
1450.10
667.50
438.70
386.45
401.20
974.60
2867.40
3678.35
4806.40
5586.30
5413.30
3961.65
5696.30
5684.35
5700.00
2770.10
5597.05
5483.75
5011.15
5483.45
4066.40
4135.35
4717.40
5085.15
3071.75
3729.25
4323.75
2844.95
3392.20
4245.65
3332.80
5396.95
2988.95
4488.85
2901.10
4421.25
3133.90
1793.70
3681.15
4824.90
4175.30
4023.40
5400.90
4331.55
1566.20
3862.40
2505.55
2293.65
1871.80
1830.05
1851.40
917.35
2355.30
1013.15
265.20
1429.35
2551.75
3611.05
674.25
1058.65
316.10
169.25
935.85
0.00
0.00
0.00
77.50
497.10
3019.65
3220.30
4438.75
1782.80
1722.25
1333.70
2157.50
430.55
53.15
288.70
218.50
431.95
937.55
1276.15
177.40
895.90
495.40
66.75
170.70
0.00
636.80
5029.35
2101.10
854.10
325.30
5585.90
2848.55
397.15
2910.55
2686.30
187.35
706.65
3316.45
2662.60
2837.55
3934.25
3740.65
4566.60
3846.60
3281.30
1960.90
812.20
2245.80
3437.90
4315.25
3835.90
3371.75
3930.65
2299.00
4060.35
4238.20
4994.60
5391.90
3000.50
1203.70
3891.15
1624.35
2116.50
1878.15
3623.65
2292.00
3677.85
1320.30
1430.00
917.30
1058.65
781.95
221.40
1114.60
331.90
701.35
1175.75
307.65
1006.00
1399.95
1135.05
2256.95
995.55
423.05
590.95
277.95
658.55
490.55
690.40
437.20
1111.75
196.10
613.55
119.45
177.40
508.80
56.15
214.15
0.00
101.45
0.00
971.00
668.90
2081.20
913.45
398.55
417.55
625.40
444.60
1241.20
29.85
414.20
288.55
9.35
52.00
157.75
0.00
27.05
1201.25
780.25
1020.45
1018.85
600.00
1949.35
686.85
507.25
167.35
1780.05
922.10
738.65
1452.55
2372.25
491.50
200.65
194.25
112.90
1159.35
714.75
694.95
585.35
297.50
240.05
453.45
263.35
190.80
458.65
29.95
0.00
0.00
1.05
31.05
14.15
103.70
131.10
92.35
680.45
499.55
368.20
370.45
360.05
394.25
1068.05
527.95
324.75
729.50
285.70
39.50
206.10
386.20
363.85
405.95
368.45
929.95
2004.75
1443.95
1108.25
82.15
104.70
2740.85
950.90
1332.65
636.80
1128.85
1185.25
644.05
462.40
884.70
1610.05
1063.85
1021.95
1987.05
880.65
2216.40
431.30
2475.35
2695.15
1598.15
1443.40
1322.50
1424.10
2015.25
602.05
1131.45
809.80
97.60
165.35
110.05
449.25
384.90
406.35
448.55
467.55
144.50
466.70
0.00
0.00
0.00
0.00
1122.40
0.00
0.00
0.00
0.00
0.00
0.00
0.00
42.65
51.25
0.00
91.75
0.00
0.00
0.00
0.00
497.70
57.20
14.00
222.75
98.50
77.85
203.50
96.60
0.00
446.85
392.50
0.00
0.00
199.30
556.10
50.40
121.05
0.00
68.75
454.25
36.70
249.75
0.00
219.25
265.80
533.25
710.10
745.75
1112.10
751.55
683.00
584.10
226.60
27.60
0.00
1296.15
297.10
0.00
0.00
0.00
38.25
11.20
199.55
355.70
1499.50
454.75
3372.80
1775.70
589.30
2948.05
1541.65
1423.15
1567.10
1500.45
2309.25
509.60
2555.20
2581.60
2134.05
5212.35
3746.80
4398.35
2666.65
2507.90
3466.95
2193.75
3562.10
1724.35
3265.60
3547.05
4342.30
3095.00
2324.70
3784.90
2864.10
1825.40
2952.05
614.10
1292.30
2247.40
2819.30
3240.05
4719.15
2405.90
3707.65
4231.60
2073.15
4621.60
2814.85
3985.75
5319.85
5653.85
4287.35
3676.85
3252.40
3494.10
3580.15
2989.15
1088.05
2720.65
890.30
992.50
350.45
1282.95
1384.20
1862.75
63.50
1933.85
1151.45
3174.20
969.90
0.00
0.00
714.10
633.10
0.00
381.35
287.40
231.50
61.95
913.40
1051.70
1591.55
1686.60
520.75
1862.45
3587.15
4533.85
5599.55
4774.75
4466.50
5273.05
4063.95
4387.75
5371.55
5621.60
5500.85
3290.85
3865.60
5079.85
5273.50
5132.60
5497.65
5597.20
4728.05
3376.85
1641.90
1600.85
624.35
1404.75
240.90
452.40
1021.45
1864.85
1976.30
2522.65
416.45
2037.90
612.50
368.95
545.55
984.45
113.50
66.10
0.00
333.85
53.40
85.75
0.00
0.00
257.00
355.55
69.75
1024.60
1088.35
1025.30
1862.20
3229.70
2195.20
4158.50
2200.85
5565.55
3287.05
4351.70
2647.90
1181.00
499.00
759.85
0.00
21.30
0.00
262.30
459.25
256.55
436.25
618.10
1493.05
525.20
962.55
3569.45
2455.70
1632.85
1594.95
513.10
928.65
1011.80
559.75
611.90
765.25
1059.65
278.65
626.20
1974.75
2364.30
1842.35
1539.45
1833.65
200.20
601.05
1059.55
377.55
540.45
3194.05
1303.55
1389.05
188.30
180.05
237.25
152.90
1198.45
0.00
8.00
0.00
128.80
146.25
46.10
26.25
199.15
226.90
400.90
562.90
1470.55
426.65
656.50
1036.85
237.15
1537.10
197.85
1460.90
1839.50
228.75
728.95
790.45
765.75
64.30
170.15
211.50
515.05
0.00
0.00
156.00
1231.10
329.35
17.25
636.20
649.75
240.50
179.85
1002.20
2170.55
2301.75
722.65
2230.30
793.30
680.45
1642.20
1022.10
760.50
900.50
837.90
1380.05
43.15
1233.95
1267.00
867.95
184.60
608.65
928.00
2374.45
2584.10
3107.65
1010.40
1393.85
1002.65
2797.00
111.00
439.90
0.00
628.00
725.70
106.90
0.00
26.95
249.15
288.95
0.80
0.00
24.35
217.05
219.80
772.40
259.55
114.20
368.65
179.70
18.45
1926.60
167.95
713.70
1077.00
513.00
1024.20
145.40
193.35
949.15
0.00
0.00
0.00
332.10
689.80
0.00
136.05
12.70
157.55
5.85
0.00
165.25
83.20
206.70
177.50
122.40
315.85
338.00
129.55
0.00
157.95
0.00
0.00
0.00
0.00
192.60
0.00
0.00
0.00
0.00
0.00
0.00
0.00
0.00
0.00
0.00
0.00
0.00
229.30
299.00
574.15
616.40
135.60
0.00
1010.35
0.00
801.55
80.45
284.15
99.75
166.50
187.60
39.30
147.85
792.15
181.35
275.70
34.35
370.25
792.50
47.95
432.20
30.70
1418.00
1364.00
1854.20
907.30
562.15
408.60
217.90
646.15
435.40
2909.30
3555.10
3384.95
2314.10
2671.35
2750.35
3360.65
2011.30
2788.25
3052.50
2715.30
2097.45
2841.80
2742.45
367.15
1591.60
2265.90
1829.80
1355.70
1448.40
1718.25
1859.95
3190.20
2967.60
4174.15
4136.95
3758.55
3317.30
2924.15
857.70
1690.50
662.30
2358.75
353.45
1084.30
204.35
1228.60
439.05
1008.80
775.45
710.85
0.00
205.30
1352.35
245.30
1464.70
10.20
115.05
738.40
299.15
938.05
1046.80
227.45
0.00
203.70
2.10
589.45
399.85
22.40
79.30
484.25
560.65
0.00
572.50
0.00
274.35
0.00
1647.30
2932.15
2687.85
3932.35
3748.70
1329.55
2154.75
565.45
1209.20
499.50
352.40
88.00
241.40
891.70
979.10
61.75
1370.45
1647.40
603.80
1783.40
2062.50
873.35
2176.30
1038.00
1982.75
2806.95
1691.10
3333.95
1652.10
4096.75
5089.80
5560.20
3094.25
4423.10
4243.60
4976.05
5307.95
3286.20
1819.00
4238.20
2896.60
3813.35
1359.40
2608.00
3286.25
2819.15
2482.60
2769.30
686.00
4308.75
1783.35
940.10
1345.10
1402.60
1922.65
3342.85
2608.45
1249.90
1355.80
1689.05
739.40
1451.15
693.75
943.70
2004.60
3328.15
1776.50
906.00
1399.50
339.45
213.25
409.10
171.10
108.50
323.60
323.85
205.90
851.20
931.20
665.35
473.50
27.65
126.60
129.05
769.35
66.25
151.20
111.25
123.70
306.20
0.00
28.75
476.50
1506.45
369.60
826.90
451.50
888.75
820.75
1362.10
0.00
0.00
0.00
0.05
38.50
0.00
23.60
0.00
44.55
28.30
128.35
747.55
306.20
538.60
436.15
1777.90
841.55
392.15
677.90
540.75
2175.05
1127.75
2409.35
2087.95
3494.00
2991.45
5023.45
4073.00
2030.80
791.20
873.85
1666.20
888.75
93.55
1473.65
1146.05
1277.05
527.20
46.55
61.00
0.00
0.00
0.00
0.00
0.00
915.15
1734.10
879.00
475.90
2487.90
418.65
2776.05
3621.15
2661.55
660.45
142.35
453.25
876.55
166.05
1401.75
162.95
301.95
45.55
0.00
669.45
0.00
783.85
206.90
298.55
111.15
90.00
274.10
608.50
94.65
0.00
315.75
832.45
203.75
292.80
26.15
0.00
0.00
0.00
91.60
3.20
0.00
793.80
133.85
766.25
1068.70
4679.30
3555.40
5566.10
5600.00
3178.60
1910.15
5435.30
3741.30
4694.00
5697.25
3489.10
4246.75
4286.75
3080.65
3387.60
3865.15
4900.55
4768.90
3617.05
5645.60
3044.10
1575.80
1611.95
2721.00
829.80
1330.10
985.15
837.20
0.00
0.00
0.00
2523.85
0.00
1815.05
2033.20
2310.60
2189.15
2985.50
3160.95
5098.25
3896.95
4392.35
3298.05
2935.40
2388.30
3688.25
512.75
4857.05
474.50
2392.65
2262.20
2476.20
3326.00
4666.40
3857.20
1075.95
1644.40
3311.70
3465.65
3539.10
1019.75
1964.35
2942.50
3762.20
3306.00
3737.50
3474.70
1266.90
1579.25
1739.85
1671.95
2351.30
1246.70
5063.75
3927.85
3520.70
4443.15
4793.40
5418.30
4716.30
4141.40
5380.55
5195.90
5683.40
5700.00
5700.00
5656.75
5539.15
5656.00
5208.35
5673.65
5700.00
5700.00
5526.60
5700.00
5495.70
5581.10
4924.65
5489.65
5600.00
5595.55
4736.90
3708.60
3546.00
2891.60
4909.95
3642.85
2923.80
3187.90
2007.45
2591.65
2923.25
4537.00
2520.20
2203.80
3808.95
2835.95
1095.85
278.10
827.25
1243.15
48.15
775.45
1264.00
492.50
1538.60
1601.25
2734.75
3565.10
256.95
137.35
423.10
15.40
147.85
33.90
193.90
1139.70
3548.20
3936.80
2859.85
2373.15
1228.45
2093.90
1615.45
2414.85
2975.80
1659.35
1225.35
903.05
2478.75
2835.95
1262.95
1135.90
2663.20
3731.70
1954.30
571.90
1145.05
494.35
2844.60
2486.40
3018.50
3261.95
1412.45
1727.95
576.05
805.80
1339.05
163.40
151.70
1542.80
247.20
473.50
296.45
34.15
1606.40
111.80
1.60
29.35
82.35
13.05
0.00
0.00
0.00
0.00
0.00
0.00
0.00
0.00
0.00
0.00
128.65
880.10
1103.90
2407.50
1086.30
1325.90
2029.35
4636.85
2243.20
2313.65
1306.00
2599.65
2535.50
56.25
0.00
577.00
0.00
1043.00
274.85
362.30
51.10
145.75
1181.95
59.30
0.00
362.90
123.35
0.00
0.05
0.00
0.00
1159.05
173.25
1075.65
449.50
1202.60
57.50
41.05
0.00
32.80
92.50
0.00
0.00
610.25
546.15
450.35
1643.90
442.10
1147.60
871.10
613.40
460.15
807.30
352.95
71.20
266.35
317.45
14.30
104.05
996.80
1129.20
1801.25
2272.75
1845.90
1099.65
1386.50
1045.60
2666.90
1841.55
2976.50
2991.80
3219.45
2977.05
1919.45
1207.50
907.00
1808.35
742.35
1177.35
315.05
425.80
460.10
764.20
201.85
48.50
219.35
445.75
357.95
306.25
250.80
108.25
105.75
847.20
3.95
346.65
672.40
386.60
1736.45
766.75
700.45
642.85
1131.30
1163.50
549.25
1485.35
2884.10
733.65
527.65
71.20
513.10
26.95
32.05
0.00
37.90
546.50
80.95
482.20
237.90
274.85
70.45
3863.30
655.00
1557.00
1855.80
722.15
511.40
1495.70
713.70
1021.70
2242.25
1277.75
2332.10
1211.10
971.80
1166.20
1011.10
1974.80
2134.40
2982.00
2046.45
3038.90
1394.75
1111.90
1475.95
938.55
1148.55
2713.10
1686.45
2352.85
1872.45
1434.55
4567.75
3896.85
3819.20
3774.50
5279.95
4590.60
5214.45
5697.90
5567.45
5696.60
5681.10
5352.75
2517.45
5055.90
5213.80
5507.40
4064.10
2106.95
3048.00
3403.50
2473.70
3259.45
2151.20
2528.95
1279.95
4084.05
3287.20
3207.95
3813.90
2494.65
2088.10
2094.90
1405.25
1338.15
1245.10
3173.55
2271.75
2635.10
417.35
243.90
1550.15
870.25
628.95
188.40
0.00
665.85
8.25
51.25
179.30
958.00
792.15
2347.70
2172.80
98.10
851.50
51.05
160.70
0.00
0.00
0.00
130.65
144.00
0.00
0.00
255.65
2509.95
0.00
2118.95
870.45
3081.85
2802.05
2581.05
2076.20
3807.00
3314.65
3422.00
2272.30
1493.50
970.80
1836.30
477.90
469.85
237.50
356.35
474.00
376.05
1777.40
1985.65
5274.95
3266.00
4486.80
4733.00
4229.20
3028.85
4428.65
1301.85
4763.40
5540.75
2560.80
623.40
2959.80
1927.45
644.60
1136.25
1582.40
748.50
2212.90
3232.45
1832.00
2265.25
774.30
644.15
3112.15
2766.50
1012.75
2298.10
1909.35
2092.05
3539.50
1035.65
2540.45
1851.75
2686.05
3155.15
3440.80
2768.20
1860.90
1487.35
1320.55
604.40
253.65
1829.90
465.20
789.70
1092.70
1004.75
831.00
1917.65
18.15
1266.70
0.00
1087.50
0.00
0.00
666.30
459.00
0.00
0.00
2.25
35.95
0.00
20.00
0.00
0.00
0.00
14.30
344.50
25.60
0.00
0.00
0.00
0.00
0.00
0.00
0.00
0.00
0.00
0.00
0.00
0.00
0.00
0.00
1647.30
708.20
305.30
0.00
0.00
0.00
10.10
23.60
80.70
207.70
0.00
0.00
414.75
500.90
1387.45
1087.50
2813.30
1966.75
1627.15
1891.15
4927.80
2579.20
3257.20
2216.75
1959.40
3263.00
3523.35
1764.45
916.10
797.65
1928.55
783.10
1948.60
1979.05
897.65
3521.85
3675.85
5113.00
5556.90
4817.25
3577.10
5072.45
5464.10
4884.35
5316.50
3934.10
4513.75
3396.85
2635.60
531.35
2916.95
1251.15
846.45
495.70
2454.90
2482.80
2171.60
960.35
2799.00
4917.15
3623.60
4084.40
2847.70
5373.95
4928.70
4423.10
2325.65
4813.35
2672.10
3836.70
4591.05
2105.95
4073.85
2961.50
620.85
458.30
304.05
2563.65
4038.70
2098.00
3447.60
4854.35
2400.65
4130.25
3735.55
4547.70
4805.00
4015.65
2563.25
2331.05
4128.50
2293.85
3638.05
4798.30
2906.65
1782.45
4513.30
4503.50
2640.60
4281.60
1448.35
5464.85
3132.75
4333.50
3315.70
4289.35
4679.55
4565.25
4696.25
5153.05
5560.25
5436.75
5047.55
4193.05
4871.35
4751.25
5589.30
5600.00
2730.30
4787.20
4476.70
2229.95
3697.00
1695.55
3994.60
5618.25
4798.45
5064.20
5610.65
4767.90
3412.40
3949.80
4892.05
5047.50
2992.35
5359.55
4450.55
2531.30
3568.50
3307.95
3554.75
1336.00
3959.10
2940.35
4368.30
2976.65
1472.35
563.95
624.90
153.95
304.70
34.75
316.45
24.65
0.00
69.80
0.00
0.00
0.00
0.00
0.00
0.00
0.00
0.00
53.15
0.00
0.00
8.75
214.85
39.05
218.55
670.10
179.55
44.50
43.80
0.00
6.35
0.00
0.05
1445.55
93.45
2811.85
1641.60
1339.90
886.55
1174.35
0.00
2859.65
622.55
2547.35
1089.55
662.25
764.75
928.10
528.10
0.00
0.00
170.45
33.25
0.00
20.90
0.00
1425.90
1948.25
3739.20
71.55
1370.40
509.25
1506.55
1683.35
0.00
3779.35
1493.85
1204.75
1725.00
609.75
1340.00
223.30
600.45
772.35
667.40
793.15
531.95
867.25
458.95
1047.60
1680.15
1043.70
1010.20
121.00
917.60
1915.35
1090.05
781.45
2265.95
931.75
852.15
1233.95
429.30
195.30
453.30
221.90
0.00
0.00
0.00
71.05
115.15
710.20
1130.90
222.85
166.00
2253.10
1349.35
453.65
1512.20
1158.30
884.15
935.70
60.75
158.15
104.60
941.50
366.65
127.80
242.95
0.00
0.00
0.00
95.00
0.00
0.00
754.45
157.75
277.10
1730.50
534.65
0.00
0.00
69.60
0.00
0.00
150.35
23.50
0.00
0.00
213.85
0.00
421.55
914.45
1047.30
1990.25
168.10
868.75
109.25
181.25
0.00
0.00
0.00
0.00
297.00
21.85
0.00
0.00
0.00
0.00
1043.20
145.50
74.15
110.05
82.20
194.20
160.45
429.20
1039.30
2951.00
3340.70
1502.55
1127.75
2184.30
985.25
1521.85
836.20
374.95
448.65
2325.85
1415.50
831.50
331.20
685.70
249.20
714.10
2748.40
2046.05
3742.55
3271.65
5321.75
4897.75
5658.35
5081.70
4974.85
5646.95
5242.30
5700.00
5614.05
5386.85
5555.30
5272.55
5621.05
5414.55
4384.40
4365.50
5409.20
4807.90
5003.95
4466.30
4775.20
5308.70
5248.25
5488.45
4949.60
5556.85
4556.60
5022.05
3263.65
3151.05
3226.25
3930.85
2886.20
2839.05
1580.50
589.35
2137.75
1437.40
1059.85
625.45
1897.55
3267.50
2384.15
3265.20
1419.80
2024.20
1738.40
946.45
2373.20
1383.50
1723.45
1470.25
1186.35
1210.80
702.35
1175.50
294.95
1257.90
110.20
1636.40
4278.80
1263.90
1875.20
2665.20
359.85
882.30
1102.25
2263.30
1158.70
597.85
1611.80
2216.30
2115.55
1996.95
3048.95
2296.40
1975.20
2519.40
1968.15
3158.45
2001.30
5364.20
4233.20
3447.60
2362.60
1538.95
2521.50
694.40
2816.50
4564.30
3270.65
4987.05
4892.15
3486.40
3296.60
4170.70
4439.25
2453.90
1150.40
1547.70
1104.45
81.50
0.00
0.00
0.00
0.00
0.00
204.55
0.00
205.80
1486.20
1385.95
1623.30
1510.80
1650.80
2364.70
2327.85
1375.95
2251.90
2265.05
3160.15
2911.00
3079.50
3212.25
3173.75
3028.15
3187.25
4062.45
4131.65
4289.30
3343.30
3866.95
2808.70
1747.50
2418.40
4579.60
3961.65
4656.70
3435.95
3431.65
2414.85
1557.80
2131.25
3710.90
2949.95
2115.80
2426.50
1941.60
1945.50
629.45
1105.15
1111.65
1581.05
1473.20
2549.20
3466.00
3502.90
2871.15
3267.45
4068.10
4201.90
2248.75
1866.05
5104.00
3438.75
3001.40
503.70
1199.65
1510.85
2845.70
2138.90
2200.35
4224.40
5328.55
1996.95
5148.40
5153.65
4960.10
5700.00
5578.40
5700.00
5700.00
5700.00
5700.00
5600.00
4544.15
5597.20
5568.50
3131.95
5445.00
4154.10
3965.70
4679.45
2399.60
1912.95
1438.50
3145.20
2368.75
2409.30
2049.75
1617.45
1673.90
4232.55
4084.05
4706.55
4094.80
5142.55
3555.85
4602.25
3321.40
3770.95
3338.75
4435.85
5337.15
5114.70
4567.95
4305.15
5533.90
576.50
3350.85
2161.10
478.30
153.05
1109.90
1596.15
2952.95
1422.15
4291.75
2793.70
2675.75
4318.45
5252.85
625.85
4800.60
3487.30
2673.60
5406.15
4818.00
5070.10
3867.55
2616.05
2858.50
2855.70
1020.05
1392.10
1501.40
427.65
85.55
692.35
1186.05
2238.65
263.45
564.55
460.60
1264.70
329.00
657.35
425.65
1281.75
549.25
1036.00
0.00
186.35
0.00
0.00
0.00
383.45
372.95
21.40
67.25
0.00
0.00
28.55
283.25
11.55
315.45
177.35
272.50
803.70
1740.45
1428.95
2532.05
1776.00
4182.95
842.65
1588.05
1507.05
1305.75
2523.85
2535.45
3490.85
1425.25
169.40
704.05
299.20
2849.50
471.80
1619.00
0.00
852.00
517.60
2632.55
849.70
1786.65
2701.35
2385.00
1718.20
3339.95
615.85
2049.25
1415.75
3194.80
2580.25
3171.15
1529.45
2780.80
1346.60
207.70
358.00
201.30
125.20
589.55
2275.05
1777.45
2299.25
4261.65
2529.65
1915.50
4526.05
2163.45
1609.70
1024.00
2165.15
1071.50
3129.35
2599.35
5696.15
3927.45
5485.40
3308.90
3064.25
906.40
1453.90
858.05
1088.50
1224.85
908.55
1959.35
3368.40
2521.00
2199.80
1202.95
2121.85
3667.45
1762.25
1921.50
2288.70
2955.55
4398.60
4886.65
3840.60
4975.70
4869.15
3539.80
4282.20
5540.30
5671.00
2338.30
4934.55
5700.00
3298.80
3959.45
2849.75
3768.20
4287.40
1994.75
3458.30
4371.60
4174.90
1690.20
3400.15
4634.15
5115.60
5087.95
2826.55
2899.20
3156.30
1019.95
923.20
498.15
338.55
112.45
0.00
13.35
213.80
78.00
230.35
650.50
2595.25
2955.90
1204.05
1894.65
871.05
3557.65
2168.70
4845.35
4836.25
4404.05
3923.85
5196.80
4365.05
4215.25
712.20
1907.95
1890.40
430.85
4381.65
4569.00
1834.70
4475.60
3760.60
3967.85
5433.30
3522.25
4911.00
5086.40
4915.20
5577.35
5189.65
5594.40
4701.95
5461.60
4506.25
3474.95
5042.35
4117.10
5610.45
3896.95
5078.50
4417.85
1909.55
2426.55
1648.05
3169.60
5692.55
5080.40
3560.60
2496.30
5389.05
2942.35
4188.95
4303.80
3297.60
5257.35
5129.60
5312.85
3491.30
3412.15
4898.60
4566.25
5596.20
5631.60
3352.00
3475.70
5629.25
3680.40
4590.60
4563.00
3061.65
2765.10
104.55
1875.95
1639.95
1162.00
3323.20
2466.55
1166.75
2832.80
1836.65
3842.80
179.85
847.70
3112.30
1792.95
1697.15
2155.45
2837.15
1045.10
2748.00
633.35
768.65
956.00
3319.95
836.15
1720.15
737.30
616.45
1112.05
2873.90
3965.80
1199.25
4574.25
4501.50
4421.55
3981.60
3593.70
1682.50
5700.00
5672.30
5696.65
5152.85
5361.50
5696.80
5548.50
4223.15
5505.90
4108.05
5435.15
4545.90
4903.90
2706.00
3619.30
2872.60
1903.65
677.60
1465.80
2901.10
2048.45
1492.25
2167.30
2112.10
1035.75
2849.20
3960.95
168.80
243.60
98.20
2406.25
1892.75
2284.60
4286.80
1127.35
3851.75
2823.60
3058.00
3340.95
1962.60
2910.25
2740.60
3111.30
900.60
3269.90
2482.40
2260.45
2647.25
1360.65
940.65
309.20
349.35
1127.35
1052.15
490.35
2041.60
2561.90
2043.40
2267.10
3782.30
4962.60
5549.60
1220.35
2208.45
1949.45
1397.95
2056.85
2727.40
3160.35
1565.10
4196.30
1526.60
2658.45
3013.30
140.95
1007.70
1024.85
2410.15
924.30
496.55
2318.05
2818.90
2514.65
4197.00
2890.65
4506.95
3038.65
2270.05
1920.15
2934.70
3159.20
3335.15
876.30
3204.40
2954.05
3417.75
1613.15
577.20
194.95
1898.40
2902.30
1649.50
4213.20
2480.05
2261.80
2148.25
3747.15
1440.70
1447.00
2769.35
4626.15
3245.80
1457.55
1598.20
1204.15
871.55
1632.05
437.15
939.70
556.10
256.85
276.35
502.15
40.90
1736.40
744.55
1480.95
3067.35
2911.30
3190.80
2250.90
486.90
1909.25
1404.35
1684.05
1932.45
3000.70
1961.40
3467.75
1074.00
2828.30
2211.20
1874.15
3126.40
2372.80
2958.25
3684.60
3921.25
3146.45
4666.20
4395.60
3770.15
3712.50
4049.65
4920.40
3879.05
3418.05
3274.95
3502.00
4729.85
3107.60
2276.95
3259.80
1996.20
3592.80
4764.30
3342.65
1494.40
2472.60
2011.75
2272.85
1738.25
3138.10
4189.15
2441.90
2105.00
3359.20
2622.30
1812.55
3380.10
3797.55
3042.25
4048.50
2889.00
4444.05
4337.90
3252.40
2842.65
3029.40
3332.85
2548.80
597.00
745.10
66.10
293.40
132.85
120.65
18.50
390.65
483.15
611.45
880.10
977.50
2895.30
2251.05
2848.75
1009.40
410.45
8.30
1699.90
2951.50
783.45
1444.85
420.65
1857.50
1516.60
1505.65
91.95
831.60
411.20
795.15
225.45
330.10
91.60
1196.10
1747.95
3768.25
4603.00
360.40
596.30
2817.15
2827.45
1002.55
2083.40
1328.75
3368.45
3324.05
770.20
4159.10
1893.65
2444.45
3586.20
659.40
2350.30
584.35
343.15
835.05
2649.45
4189.90
4100.80
4259.65
2450.10
2167.30
3767.80
1510.80
2725.55
919.20
3777.15
58.85
670.55
4141.80
3427.15
1033.80
523.45
488.75
351.65
1108.65
1688.05
237.35
266.80
115.60
619.30
0.00
163.80
0.00
573.60
461.75
138.80
773.45
188.45
113.45
96.85
0.00
0.00
141.30
165.35
366.40
518.80
556.70
22.90
52.60
257.10
241.30
99.50
445.40
397.15
778.50
794.85
1067.50
641.05
88.60
562.55
645.10
201.05
743.35
554.90
1120.40
162.00
624.70
1341.65
655.30
278.60
373.65
335.55
183.70
596.40
421.90
356.35
47.65
1048.90
2493.05
563.75
520.70
865.80
452.50
660.40
648.80
575.20
24.35
0.00
593.90
0.00
86.15
279.90
8.05
0.00
0.00
0.00
0.00
0.00
0.00
4.35
235.60
0.15
802.15
1142.15
2677.55
3338.15
4355.05
3985.55
2773.05
5205.90
5180.05
5498.65
1035.75
2904.10
5592.55
4237.40
3611.60
5636.70
4989.50
5354.35
5697.15
4033.45
5700.00
5699.80
3578.60
5650.95
5689.40
5700.00
5388.85
3897.20
5451.85
5310.40
5108.25
5254.85
3923.60
76.45
4889.25
5600.00
4333.50
5680.75
3948.00
5162.35
5351.55
5700.00
5225.55
4896.25
4689.05
4840.55
5192.60
5700.00
5631.10
4700.75
5579.50
3866.15
5227.15
4518.25
4367.80
3402.45
4686.05
4265.15
3045.65
5068.75
3793.50
4143.00
3368.35
3874.35
904.65
110.45
2439.50
2737.75
3026.30
3382.45
4495.45
4961.00
4281.35
5200.55
5001.20
3688.20
3245.15
4808.15
3361.70
3499.25
4693.85
3162.70
2737.10
4175.20
2802.40
3394.35
989.25
768.85
4352.40
455.05
2794.55
4016.05
3801.30
1422.90
4935.55
4370.90
4361.25
4968.45
4942.55
5391.45
5655.00
5463.50
5469.80
5271.05
5444.30
5196.30
2424.95
642.55
5121.25
5318.85
5697.90
5696.10
4943.50
5698.20
5668.20
5700.00
5624.40
5686.00
5678.90
5565.00
5636.30
4187.95
5251.75
5602.20
4998.35
3442.85
2372.20
4932.70
5562.30
5600.00
5597.70
5454.35
5508.40
5696.15
5412.25
5514.95
5232.75
5695.90
5619.90
5700.00
5699.30
5696.35
4801.10
5676.40
5698.80
5700.00
5698.40
5460.20
5447.85
5024.25
5312.15
5479.40
4766.25
3407.20
3186.60
2955.60
613.70
1149.50
1437.05
3553.30
838.60
1109.60
516.30
727.90
0.00
90.25
0.00
332.80
50.20
3.50
30.75
61.20
0.00
1720.85
2811.05
1228.85
3238.05
1346.15
2008.80
2924.75
3601.55
3236.50
2716.55
2779.85
2868.35
3408.15
1491.90
1996.35
3029.90
1500.30
1533.30
5281.95
3732.75
4283.80
5482.55
4695.05
5475.10
4049.40
3758.85
3359.60
3550.55
2957.55
4820.55
1318.15
2992.15
4265.50
4558.20
4922.35
2947.85
2922.50
2454.00
4648.65
4927.95
3467.95
5147.55
4083.75
3705.90
4771.85
3488.80
4047.70
4738.00
4903.25
5541.95
5407.55
5354.00
5171.40
5533.40
5121.15
5226.60
4772.30
5055.20
5700.00
5178.25
5700.00
5700.00
5700.00
5700.00
5698.50
5700.00
5700.00
5700.00
5700.00
5697.85
5320.55
5435.25
5329.30
5268.70
5600.00
5600.00
5414.05
5600.00
5255.70
5600.00
5696.65
5700.00
5700.00
5700.00
5700.00
5700.00
5700.00
5700.00
5700.00
5699.60
5700.00
2847.05
5700.00
2850.00
5700.00
5700.00
2850.00
2750.00
2750.00
5481.95
5600.00
5600.00
5600.00
5600.00
5700.00
5700.00
5700.00
5700.00
5610.05
5625.30
5341.70
5574.65
5460.95
5631.90
5414.30
5275.90
5537.00
5258.10
5336.30
4926.70
5189.30
5027.55
5550.05
5264.05
5202.70
2649.65
4860.35
5491.00
4394.10
4984.10
5443.40
4661.20
2436.95
4934.85
3984.40
3332.40
2960.55
5139.20
4541.50
5489.50
5178.25
4319.35
2495.50
1983.70
3848.65
4026.15
4105.45
3737.55
4206.20
3456.50
2433.10
3637.90
3675.40
4501.15
3409.05
2903.10
839.50
571.15
607.80
870.30
1173.35
1013.45
739.05
883.85
1041.95
1826.70
753.20
645.45
843.95
2880.40
466.25
346.20
141.70
477.65
443.20
6.55
176.30
0.00
0.00
107.00
0.00
0.00
2798.45
126.45
0.00
120.45
574.70
400.35
1354.35
803.15
1309.90
896.05
599.70
1496.70
905.25
1160.05
901.95
1094.00
577.65
993.70
510.50
1310.55
1120.95
955.35
1581.90
675.95
1189.40
600.90
1052.85
1028.45
1591.95
1322.70
2195.95
1072.95
249.40
1194.35
556.95
660.10
594.70
725.15
1102.90
975.30
582.50
637.80
80.65
0.00
381.80
1011.75
0.00
250.35
277.85
0.00
416.15
100.50
465.25
37.90
870.55
208.20
462.70
1570.10
428.10
1231.40
129.65
468.90
1326.95
629.40
2199.45
191.05
389.10
1193.05
242.25
1876.95
586.85
866.60
3719.15
2893.95
3102.40
3712.65
1965.75
4641.45
5232.95
5684.80
4779.60
3651.30
3653.75
3860.00
5537.65
5211.85
3021.15
4660.40
3943.05
4256.60
5576.75
1893.30
2208.90
1481.05
1017.80
1039.20
395.80
402.10
437.35
497.55
2123.50
793.25
3274.10
3515.15
3080.65
2507.15
515.60
2760.35
1749.80
4376.80
1624.15
2721.35
1847.60
2718.40
1904.10
966.80
1494.45
4180.05
3428.75
3259.90
2770.65
4502.30
2955.40
5329.10
5002.70
5360.35
4517.60
2005.05
5196.85
5311.70
4539.80
3700.20
4035.80
1320.70
927.10
1638.35
1372.05
4828.50
4280.40
2118.85
2012.20
3265.00
3096.35
4930.20
1927.10
4800.20
1558.25
4582.65
5109.45
4340.40
5584.75
5698.60
4843.95
5006.05
4752.55
3948.60
2576.70
5262.35
5600.00
4990.00
5599.60
4865.45
2522.80
2300.40
1278.90
2450.85
1854.20
536.60
4258.20
1086.75
3421.30
2401.40
5087.20
2974.60
3134.15
3406.20
4694.90
4603.50
3950.15
4314.45
5199.55
5332.00
2056.85
5108.30
5056.00
2172.40
2409.60
1501.20
2152.65
3835.60
4791.45
3451.10
3582.50
3470.75
4298.65
5646.70
5697.55
5690.10
5700.00
5699.50
5690.45
4693.20
5600.00
5542.10
5600.00
5600.00
5600.00
5343.65
3523.55
5511.40
5700.00
5696.40
5700.00
5697.35
5700.00
5700.00
5700.00
5700.00
2850.00
5700.00
5700.00
2850.00
5700.00
5700.00
5700.00
5700.00
5542.10
5600.00
5387.85
5241.40
4882.35
5484.05
4770.25
5330.65
5700.00
5700.00
5700.00
5689.80
5149.75
5219.85
5697.25
5102.15
4597.50
5427.55
5503.80
5089.75
4387.90
2876.05
4587.95
3678.10
3573.80
2491.25
4502.80
3659.90
2868.65
371.35
2268.95
2104.90
4586.05
3370.80
2686.00
3194.90
1979.95
3093.45
1703.15
573.30
318.80
2585.10
938.95
621.25
455.40
841.25
526.50
296.40
245.95
412.70
548.50
549.95
1063.65
4512.25
1856.85
772.65
2559.90
554.15
435.40
1097.80
3003.55
410.55
687.55
341.50
273.40
160.50
136.30
476.85
85.90
0.00
0.00
1363.25
106.20
96.05
144.00
432.25
817.35
1135.00
1644.80
2427.25
242.15
2643.95
1455.25
2392.65
1115.95
113.35
2208.50
2190.40
1542.95
2838.60
1577.55
2894.85
2756.80
2594.60
1139.35
3144.55
2065.80
3143.05
1767.35
3333.80
1815.75
2459.10
4180.40
1748.90
1404.60
692.25
1155.25
1049.75
536.05
0.00
150.35
0.00
12.05
87.15
104.05
276.15
383.45
321.65
621.35
166.05
0.00
26.85
3213.45
1184.10
961.05
668.75
0.40
324.60
76.60
795.90
0.00
893.15
251.45
112.20
11.20
0.00
1.35
16.00
489.65
745.40
83.90
48.30
288.05
95.75
308.25
749.85
831.70
1290.60
268.10
1517.65
626.15
3052.50
688.90
853.90
856.15
593.10
205.25
642.60
767.35
411.45
377.15
609.30
910.05
652.45
1446.70
550.00
1672.10
1084.95
242.60
719.50
388.90
1191.80
844.85
2404.65
1031.45
1496.75
2665.90
396.00
1855.55
1907.80
2714.80
2973.15
5155.45
2846.10
5325.80
5631.50
5695.65
5700.00
4861.35
5127.90
5145.05
5390.70
5600.00
5501.55
4183.65
5460.00
5101.85
3122.00
3614.55
2210.85
1379.35
1383.10
1552.25
1745.45
1822.15
2077.85
1317.05
1508.05
2239.35
2041.25
1456.50
3259.80
2933.15
1957.85
3115.65
2446.10
920.65
2390.55
2831.05
3129.45
1637.15
1648.90
666.60
1605.70
1893.15
1713.35
975.45
2091.50
251.55
928.15
330.55
1169.80
1362.70
254.30
222.00
859.20
433.25
2667.45
2847.10
615.15
701.65
2383.80